0.112954 0
0.003914 0
0.074612 0
0.17543 0
0.137196 0
0.081341 0
0.258144 0
0.258144 0
0.773135 0
1.06893 0
1.06893 0
1.33318 0
1.1701 0
1.1701 0
0.891245 0
0.604523 0
0.346435 0
0.197126 0
0.116775 0
0.116775 0
0.07841 0
0.016819 0
0.04905 0
0.160446 0
0.396927 0
0.396927 0
0.437428 0
0.344271 0
0.154682 0
0.043343 0
0.043343 0
0.108929 0
0.108929 0
0.158784 0
0.20856 0
0.216808 0
0.050861 0
0.050861 0
0.018778 0
0.648844 0
1.01662 0
1.21024 0
1.08326 0
0.710614 0
0.710614 0
0.00343 0
0.061266 0
0.155207 0
0.107368 0
0.005901 0
0.114208 0
0.215134 0
0.228445 0
0.16933 0
0.006207 0
0.04682 0
0.026113 0
0.049575 0
0.152603 0
0.262523 0
0.277697 0
0.21685 0
0.101347 0
0.014938 0
0.133894 0
0.291029 0
0.485193 0
0.693504 0
0.939989 0
0.939989 0
0.863296 0
0.683025 0
0.434449 0
0.173657 0
0.125962 0
0.194228 0
0.188884 0
0.094722 0
0.084541 0
0.231586 0
0.312176 0
0.294519 0
0.254553 0
0.237898 0
0.279001 0
0.404334 0
0.518736 0
0.542343 0
0.470026 0
0.470026 0
0.558333 0
0.622603 0
0.667319 0
0.686134 0
0.675916 0
0.592936 0
0.511014 0
0.442042 0
0.495253 0
0.600517 0
0.744942 0
0.752403 0
0.417475 0
0.417475 0
0.203039 0
0.001768 0
0.18287 0
0.39588 0
0.575529 0
0.650118 0
0.648382 0
0.547718 0
0.425329 0
0.231214 0
0.00142 0
0.018118 0
0.125738 0
0.343074 0
0.608062 0
0.870777 0
0.980428 0
1.02737 0
0.946492 0
0.779447 0
0.673267 0
0.572482 0
0.387057 0
0.309524 0
0.051649 0
0.165705 0
0.312562 0
0.172652 0
0.017574 0
0.278367 0
0.40656 0
0.438923 0
0.269167 0
0.003121 0
0.004917 0
0.205241 0
0.346087 0
0.367598 0
0.207624 0
0.098774 0
0.122092 0
0.212642 0
0.259094 0
0.316132 0
0.357574 0
0.296363 0
0.100372 0
0.275938 0
0.648193 0
0.802333 0
0.802333 0
0.569524 0
0.224859 0
0.06979 0
0.280528 0
0.299802 0
0.154323 0
0.306812 0
0.306812 0
0.419931 0
0.463467 0
0.463467 0
0.114693 0
0.372626 0
0.643563 0
0.689863 0
0.542547 0
0.228159 0
0.475182 0
1.64121 0
2.8401 0
3.74148 0
4.03761 0
3.6789 0
2.94167 0
1.25618 0
1.25618 0
0.459477 0
0.280013 0
0.447017 0
0.447017 0
0.59821 0
0.59821 0
0.986828 0
0.377836 0
0.798921 0
0.228797 0
0.827483 0
0.459726 0
1.09306 0
0.64533 0
1.17692 0
0.610392 0
1.0909 0
0.584809 0
1.12607 0
0.684871 0
1.22175 0
0.729935 0
1.27562 0
0.815528 0
1.33617 0
0.796508 0
1.31893 0
0.746448 0
1.25519 0
0.752214 0
1.27688 0
0.745734 0
1.3383 0
0.864845 0
1.35098 0
0.713263 0
1.16709 0
0.58887 0
1.1991 0
0.70289 0
1.28487 0
0.801008 0
1.38548 0
0.872686 0
1.38619 0
0.767868 0
1.24684 0
0.654734 0
1.19406 0
0.742951 0
1.48635 0
0.883699 0
1.31757 0
0.619303 0
1.08031 0
0.53832 0
1.17684 0
0.692636 0
1.36195 0
0.940183 0
1.53487 0
0.846951 0
1.28065 0
0.619968 0
1.13809 0
0.513517 0
1.08527 0
0.584533 0
1.23707 0
0.760209 0
1.20043 0
0.543114 0
1.05637 0
0.515032 0
1.16449 0
0.651848 0
0.731702 0
0.731702 0
1.33519 0
0.707896 0
1.1404 0
0.489354 0
1.07984 0
0.549909 0
1.14267 0
0.583734 0
1.23166 0
0.499146 0
1.06251 0
1.00993 0
0.415194 0
0.415194 0
0.975704 0
0.352371 0
0.907493 0
0.147157 0
0.513107 0
0.150274 0
0.179713 0
0.132294 0
0.069927 0
0.255675 0
0.315524 0
0.207472 0
0.109719 0
0.446051 0
0.446051 0
0.52578 0
0.499339 0
0.23613 0
0.23613 0
0.026656 0
0.102726 0
0.260852 0
0.316533 0
0.209649 0
0.081976 0
0.007042 0
0.302944 0
0.302944 0
0.65264 0
1.0227 0
1.29826 0
1.39934 0
1.37405 0
1.11733 0
0.769621 0
0.371928 0
0.067484 0
0.040168 0
0.281932 0
0.476114 0
0.535289 0
0.346436 0
0.18444 0
0.003242 0
0.065262 0
0.235341 0
0.325669 0
0.472374 0
0.455009 0
0.412909 0
0.249427 0
0.147733 0
0.075707 0
0.180078 0
0.27215 0
0.41853 0
0.457521 0
0.492518 0
0.440039 0
0.39296 0
0.304937 0
0.282802 0
0.242983 0
0.254657 0
0.250442 0
0.240481 0
0.198948 0
0.316594 0
0.465657 0
0.655031 0
0.705207 0
0.766775 0
0.632838 0
0.410824 0
0.102263 0
0.025706 0
0.137839 0
0.201899 0
0.094847 0
0.109607 0
0.07616 0
0.170925 0
0.143606 0
0.5616 0
0.845489 0
1.02549 0
0.982632 0
0.562168 0
0.562168 0
0.343695 0
0.165976 0
0.147971 0
0.148324 0
0.168183 0
0.085682 0
0.083075 0
0.123841 0
0.068746 0
0.056395 0
0.085382 0
0.216716 0
0.344456 0
0.604183 0
0.843611 0
1.30434 0
1.33598 0
1.33598 0
0.905461 0
0.663992 0
0.663992 0
0.532744 0
0.357384 0
0.26124 0
0.184408 0
0.230558 0
0.540015 0
0.540015 0
0.669138 0
0.780243 0
0.789511 0
0.816768 0
0.797394 0
0.749156 0
0.586409 0
0.43326 0
0.310876 0
0.28104 0
0.504906 0
0.504906 0
0.616563 0
0.712012 0
0.712012 0
0.95531 0
0.95531 0
1.239 0
1.49859 0
1.66883 0
1.66488 0
1.62345 0
1.49503 0
1.07218 0
0.876125 0
0.876125 0
0.727462 0
0.678452 0
0.646522 0
0.658278 0
0.648694 0
0.707181 0
0.761442 0
0.911573 0
1.01163 0
1.09992 0
1.07221 0
0.954841 0
0.954841 0
0.897841 0
0.86861 0
0.922254 0
0.942733 0
0.934257 0
0.843016 0
0.843201 0
0.888389 0
1.06164 0
1.26375 0
1.45073 0
1.44927 0
1.34584 0
1.23528 0
1.18351 0
1.16738 0
1.25569 0
1.33931 0
1.48994 0
1.61083 0
1.75197 0
1.80261 0
1.80018 0
1.73609 0
1.63093 0
1.42915 0
1.33435 0
1.25359 0
1.24184 0
1.1794 0
1.09646 0
0.981453 0
0.9999 0
1.04221 0
1.1927 0
1.29482 0
1.44423 0
1.45998 0
1.49131 0
1.50764 0
1.41829 0
1.41829 0
1.34872 0
1.28342 0
1.28961 0
1.21405 0
1.28272 0
1.34523 0
1.34704 0
1.21147 0
1.12606 0
1.08679 0
1.10176 0
1.11608 0
1.16909 0
1.09641 0
1.00809 0
0.969414 0
1.13539 0
1.34979 0
1.59127 0
1.79179 0
1.79179 0
1.56057 0
1.10683 0
1.10683 0
0.936386 0
0.690928 0
0.467273 0
0.275708 0
0.377515 0
0.570675 0
0.570675 0
0.771615 0
1.13202 0
1.13202 0
1.10809 0
1.01477 0
0.926796 0
0.816684 0
0.816459 0
0.844759 0
0.919137 0
0.894404 0
0.846424 0
0.804145 0
0.745345 0
0.489223 0
0.25536 0
0.102497 0
0.086396 0
0.011247 0
0.212943 0
0.42885 0
0.688645 0
0.901787 0
0.988502 0
0.966451 0
0.805252 0
0.480604 0
0.060604 0
0.060604 0
0.003919 0
0.259001 0
0.5537 0
0.5537 0
0.492413 0
0.488689 0
0.741868 0
0.741868 0
0.934333 0
1.0928 0
1.26439 0
1.29728 0
1.21429 0
0.978775 0
0.792036 0
0.642635 0
0.640518 0
0.726733 0
0.98068 0
1.14809 0
1.1891 0
0.997425 0
0.708367 0
0.537493 0
0.65008 0
0.809697 0
1.00762 0
1.21648 0
1.32791 0
1.27928 0
1.13236 0
0.74656 0
0.077737 0
0.203158 0
0.047274 0
0.920689 0
1.77109 0
2.22277 0
2.26253 0
1.90878 0
1.32906 0
0.698782 0
0.125395 0
0.258617 0
0 0
0.047075 0
0.08207 0
0.120959 0
0.01469 0
0.05393 0
0.042643 0
0.056519 0
0.045332 0
0.098634 0
0.137959 0
0.278606 0
0.500513 0
0.703353 0
0.889706 0
0.982673 0
0.992558 0
0.908635 0
0.761324 0
0.504081 0
0.293487 0
0.148225 0
0.119048 0
0.076963 0
0.022216 0
0.058849 0
0.209159 0
0.255125 0
0.293052 0
0.262559 0
0.215627 0
0.171691 0
0.129718 0
0.095207 0
0.001232 0
0.078119 0
0.041182 0
0.041055 0
0.146515 0
0.228368 0
0.319924 0
0.516446 0
0.764436 0
1.03784 0
1.25127 0
1.25127 0
1.1871 0
0.992623 0
0.710476 0
0.438152 0
0.188321 0
0.117764 0
0.286764 0
0.49799 0
0.717406 0
0.854062 0
0.870634 0
0.787666 0
0.653727 0
0.543136 0
0.489378 0
0.528614 0
0.522567 0
0.415861 0
0.210056 0
0.107103 0
0.295652 0
0.426679 0
0.387415 0
0.210499 0
0.005528 0
0.243167 0
0.517388 0
0.726591 0
0.826725 0
0.784125 0
0.711446 0
0.592926 0
0.45324 0
0.274119 0
0.079623 0
0.267304 0
0.449285 0
0.402952 0
0.200135 0
0.050328 0
0.018166 0
0.075208 0
0.069162 0
0.119756 0
0.185074 0
0.110755 0
0.013652 0
0.082944 0
0.095167 0
0.01658 0
0.203242 0
0.203242 0
0.211836 0
0.077489 0
0.441245 0
0.441245 0
0.63736 0
0.701143 0
0.754988 0
0.761999 0
0.706171 0
0.579521 0
0.152655 0
0.152655 0
0.115998 0
0.283882 0
0.383962 0
0.369285 0
0.374823 0
0.382214 0
0.396367 0
0.345681 0
0.272929 0
0.166168 0
0.084725 0
0.072391 0
0.189573 0
0.349993 0
0.406057 0
0.319567 0
0.319567 0
0.262256 0
0.721466 0
0.721466 0
1.03681 0
1.28172 0
1.27487 0
1.05184 0
1.05184 0
0.722165 0
0.361403 0
0 0
0.090169 0
0.162325 0
0.241982 0
0.359719 0
0.49967 0
0.617501 0
0.63561 0
0.580845 0
0.529634 0
0.523916 0
0.713335 0
0.965895 0
1.22628 0
1.22628 0
1.14791 0
1.03217 0
0.9222 0
0.933642 0
1.05427 0
1.14418 0
1.16085 0
1.10357 0
0.973195 0
0.973195 0
1.00277 0
1.37927 0
1.37927 0
1.46036 0
1.40008 0
1.27379 0
1.14937 0
1.14937 0
1.32756 0
1.45103 0
1.41972 0
1.2449 0
0.927617 0
0.927617 0
1.22644 0
1.52483 0
1.52483 0
1.72008 0
1.92279 0
2.20418 0
2.2326 0
2.20128 0
2.09266 0
1.83905 0
1.26873 0
1.26873 0
1.07949 0
0.747473 0
0.747473 0
0.77856 0
1.02066 0
1.25697 0
1.43737 0
1.5277 0
1.60213 0
1.52304 0
1.51932 0
1.57782 0
1.59945 0
1.49289 0
1.32915 0
1.1772 0
1.09042 0
1.19577 0
1.43017 0
1.53837 0
1.41172 0
1.19933 0
1.18554 0
1.22397 0
1.41822 0
1.69581 0
1.83633 0
1.69067 0
1.46049 0
1.46049 0
1.54236 0
1.80334 0
2.13218 0
2.28629 0
2.22294 0
2.04368 0
1.93022 0
1.73519 0
1.51728 0
1.29676 0
1.13637 0
0.96208 0
0.842336 0
0.834675 0
0.924214 0
0.990767 0
1.22323 0
1.46068 0
1.24986 0
1.06723 0
1.06723 0
0.962214 0
0.883207 0
0.873296 0
0.957874 0
0.953836 0
0.848191 0
0.713899 0
0.67162 0
0.620165 0
0.692346 0
0.734316 0
0.462237 0
0.462237 0
0.463746 0
0.463746 0
0.567313 0
0.771959 0
0.974048 0
0.928656 0
0.657237 0
0.287561 0
0.172583 0
0.172583 0
0.266114 0
0.364901 0
0.347017 0
0.225645 0
0.082452 0
0.087049 0
0.170183 0
0.349607 0
0.602989 0
0.703825 0
0.431971 0
0.431971 0
0.270988 0
0.097898 0
0.16526 1
0.310469 1
0.0731116 1
1.04862 1
1.93927 1
2.11646 1
1.95534 1
1.85549 1
1.97457 1
3.33633 1
4.15827 1
4.2072 1
4.88179 1
5.7633 1
6.79692 1
7.9241 1
8.87651 1
9.25981 1
9.4327 1
9.74379 1
9.90338 1
9.93 1
9.91824 1
10.0101 1
10.2419 1
10.5049 1
10.5888 1
10.587 1
10.3489 1
9.89281 1
9.48805 1
9.26763 1
9.01999 1
8.81526 1
8.5178 1
8.17265 1
7.78601 1
7.3693 1
6.84513 1
6.1506 1
5.4116 1
4.80183 1
4.25423 1
3.73278 1
3.26437 1
2.94115 1
2.60882 1
2.33147 1
2.11291 1
1.95486 1
1.69518 1
1.53825 1
1.38097 1
1.26539 1
1.04281 1
0.804961 1
0.567301 1
0.304712 1
0.61274 1
1.18482 1
1.53892 1
1.87194 1
2.07614 1
2.19507 1
2.25333 1
2.62904 1
3.30985 1
3.93363 1
4.46525 1
5.01041 1
5.61318 1
6.27492 1
7.02556 1
7.95023 1
8.95539 1
9.78435 1
10.6164 1
11.266 1
11.6944 1
12.0278 1
12.2768 1
12.4692 1
12.5975 1
12.5146 1
12.121 1
11.451 1
11.451 1
10.0539 1
9.4433 1
8.92649 1
8.51312 1
8.51312 1
7.65967 1
7.30373 1
7.19784 1
7.23582 1
7.33249 1
7.30324 1
6.98457 1
6.53387 1
6.28951 1
6.35035 1
6.63777 1
6.91899 1
6.89994 1
6.58112 1
6.35417 1
6.40557 1
6.41559 1
6.23663 1
5.96795 1
5.81658 1
5.95755 1
6.13364 1
6.11881 1
5.99041 1
5.96995 1
6.28446 1
6.75061 1
7.02243 1
6.96923 1
6.71146 1
6.57764 1
6.65904 1
6.78525 1
6.78899 1
6.64285 1
6.50391 1
6.53576 1
6.53576 1
6.44348 1
5.9931 1
5.9931 1
5.32826 1
5.42037 1
5.49821 1
5.4704 1
5.45195 1
5.64314 1
6.0004 1
6.22583 1
6.06775 1
5.64533 1
5.34528 1
5.31814 1
5.37105 1
5.40082 1
5.52988 1
5.74938 1
5.91039 1
5.97766 1
5.99353 1
5.99131 1
5.99552 1
5.73543 1
5.48753 1
5.54312 1
5.24253 1
5.02421 1
5.31443 1
5.80096 1
6.2191 1
6.55924 1
6.87188 1
7.18333 1
7.35532 1
7.47939 1
7.34883 1
7.02763 1
6.68921 1
6.38184 1
6.06916 1
5.68312 1
5.16843 1
4.74283 1
4.51198 1
4.48782 1
4.38339 1
4.12228 1
3.99017 1
4.29756 1
4.8637 1
5.27755 1
5.24063 1
4.94342 1
4.7951 1
5.02379 1
5.27617 1
5.19577 1
4.71464 1
4.33793 1
4.2226 1
4.2226 1
4.12677 1
3.65737 1
3.60631 1
3.89373 1
4.34327 1
4.53886 1
4.33624 1
3.92791 1
3.7327 1
3.73782 1
3.69233 1
3.36786 1
2.78497 1
2.20029 1
2.04605 1
2.27705 1
2.47478 1
2.30142 1
2.02533 1
1.94552 1
2.1573 1
2.35097 1
2.23997 1
2.23997 1
1.28378 1
1.00108 1
0.892358 1
0.663984 1
0.377012 1
0.102145 1
0.138684 1
0.304559 1
0.714201 1
1.42228 1
1.42228 1
3.25815 1
3.25815 1
4.18132 1
4.36379 1
4.62987 1
4.91851 1
5.19328 1
5.54508 1
5.88451 1
6.11549 1
6.11549 1
6.11198 1
5.97844 1
5.80709 1
5.63594 1
5.62837 1
5.71342 1
5.84303 1
5.92393 1
5.97449 1
6.0452 1
6.17609 1
6.30803 1
6.4391 1
6.58389 1
6.68518 1
6.79015 1
6.84236 1
6.98161 1
7.23822 1
7.48053 1
7.60739 1
7.65692 1
7.60179 1
7.50362 1
7.41298 1
7.39201 1
7.4305 1
7.4305 1
7.48769 1
7.55954 1
7.60865 1
7.65902 1
7.73772 1
7.87068 1
7.87068 1
8.28244 1
8.325 1
8.29774 1
8.22069 1
8.24036 1
8.26169 1
8.3517 1
8.3923 1
8.32302 1
8.16818 1
7.92338 1
7.63956 1
7.45716 1
7.37072 1
7.36527 1
7.38977 1
7.42466 1
7.38603 1
7.39036 1
7.45461 1
7.63826 1
7.78824 1
7.79765 1
7.58348 1
7.24804 1
6.9954 1
6.90732 1
6.93655 1
6.96004 1
6.85336 1
6.59529 1
6.41441 1
6.39824 1
6.53821 1
6.53821 1
6.66193 1
6.41498 1
6.41498 1
5.91238 1
5.95297 1
6.11563 1
6.14916 1
5.97909 1
5.75983 1
5.7382 1
5.97371 1
6.34305 1
6.51211 1
6.2838 1
5.93074 1
5.66768 1
5.65373 1
5.74838 1
5.70258 1
5.45991 1
5.16977 1
5.04634 1
5.17843 1
5.43103 1
5.51895 1
5.40088 1
5.30106 1
5.36844 1
5.36844 1
5.80111 1
5.89972 1
5.85303 1
5.83901 1
5.98447 1
6.26238 1
6.26238 1
6.49539 1
6.29291 1
6.12186 1
6.16012 1
6.30241 1
6.45271 1
6.36833 1
6.25927 1
6.21117 1
6.32712 1
6.43737 1
6.53105 1
6.6795 1
6.97035 1
7.33062 1
7.64265 1
7.81606 1
7.76656 1
7.44583 1
7.14974 1
7.01703 1
6.96074 1
6.78793 1
6.46872 1
6.12108 1
5.97147 1
6.07881 1
6.30398 1
6.4274 1
6.4274 1
6.19128 1
6.14279 1
6.21355 1
6.21177 1
6.07536 1
5.9279 1
5.94006 1
6.12563 1
6.25342 1
6.22947 1
6.03548 1
5.97042 1
6.12121 1
6.36964 1
6.45771 1
6.3669 1
6.30598 1
6.3974 1
6.42072 1
6.2369 1
5.86868 1
5.62863 1
5.61501 1
5.80444 1
5.95314 1
5.90349 1
5.7491 1
5.7415 1
5.85077 1
5.89345 1
5.89041 1
5.88748 1
6.08488 1
6.4416 1
6.69724 1
6.64702 1
6.25926 1
5.78464 1
5.48651 1
5.34802 1
5.19324 1
4.94732 1
4.65481 1
4.54471 1
4.71383 1
4.71383 1
5.04556 1
4.96639 1
4.96581 1
5.20473 1
5.44945 1
5.47464 1
5.30094 1
5.23334 1
5.41697 1
5.77261 1
5.98975 1
5.89828 1
5.60529 1
5.54878 1
5.77211 1
6.04408 1
6.13689 1
6.15281 1
6.36024 1
6.83016 1
7.33097 1
7.65285 1
7.641 1
7.31577 1
7.0489 1
7.05864 1
7.12851 1
6.98908 1
6.59273 1
6.23197 1
6.16606 1
6.45537 1
6.74071 1
6.85228 1
6.78929 1
6.82975 1
7.1055 1
7.44703 1
7.49306 1
7.17167 1
6.75255 1
6.70091 1
6.91444 1
7.07669 1
6.86927 1
6.51813 1
6.4439 1
6.75953 1
7.03957 1
7.03042 1
6.60023 1
6.19647 1
5.96124 1
5.81255 1
5.42706 1
4.79883 1
4.05326 1
3.39369 1
3.39369 1
2.49706 1
2.16376 1
1.84548 1
1.4782 1
0.988977 1
0.601649 1
0.601649 1
0.555834 1
0.800827 1
1.0517 1
1.16027 1
0.912165 1
0.222597 1
0.446498 1
0.987367 1
1.33755 1
1.53533 1
1.543 1
1.6675 1
1.91653 1
2.25948 1
2.62444 1
2.99214 1
3.43355 1
4.05078 1
4.68826 1
5.42278 1
5.98656 1
6.43604 1
6.81844 1
7.18206 1
7.55507 1
7.96698 1
8.25617 1
8.46458 1
8.78492 1
9.01809 1
8.91281 1
8.57988 1
8.06086 1
7.5042 1
6.83832 1
6.30868 1
5.81544 1
5.43391 1
5.11049 1
4.78688 1
4.70635 1
4.85268 1
4.9161 1
4.9161 1
4.99207 1
5.09584 1
5.08521 1
5.11823 1
5.40814 1
6.01753 1
6.01753 1
6.73716 1
6.79895 1
6.695 1
6.49832 1
6.65838 1
7.05047 1
7.44958 1
7.59327 1
7.34795 1
6.73442 1
6.28085 1
6.13798 1
6.13798 1
6.24924 1
6.34833 1
6.34288 1
6.77904 1
7.15229 1
7.2007 1
6.93874 1
6.74055 1
6.83735 1
7.53241 1
8.23932 1
8.48765 1
8.15244 1
7.77571 1
7.89555 1
8.7265 1
9.77061 1
10.7475 1
11.4042 1
11.841 1
12.1806 1
12.4716 1
12.6299 1
12.7312 1
12.717 1
12.815 1
13.226 1
13.6708 1
13.7426 1
13.7426 1
13.0276 1
13.0276 1
13.3232 1
13.529 1
13.3083 1
12.9369 1
12.7508 1
12.8944 1
12.9792 1
12.9122 1
12.8356 1
13.0793 1
13.3888 1
13.4444 1
12.8607 1
12.1651 1
12.0452 1
12.4739 1
12.8028 1
12.7604 1
12.6232 1
12.7634 1
12.8417 1
12.5126 1
11.7328 1
11.0696 1
10.7296 1
10.6291 1
10.4026 1
10.0069 1
9.55818 1
9.37718 1
9.2827 1
9.00635 1
8.57465 1
8.50816 1
8.60311 1
8.3813 1
7.64371 1
6.92911 1
6.6032 1
6.42523 1
5.95901 1
5.45296 1
5.23144 1
5.28997 1
4.84326 1
3.92937 1
3.92937 1
2.97784 1
3.04525 1
2.75411 1
2.25516 1
2.17883 1
2.41046 1
2.13364 1
1.36906 1
0.773194 1
0.714759 1
0.837431 1
0.495714 1
0.055302 1
0.07064 1
0.150639 1
0.228154 1
0.278175 1
0.417079 1
0.6306 1
0.979971 1
1.27916 1
1.61837 1
1.87942 1
2.18948 1
2.4331 1
2.51106 1
2.41152 1
2.41152 1
1.92946 1
1.63732 1
1.3195 1
1.06014 1
0.866129 1
0.856868 1
0.92718 1
0.972868 1
0.822208 1
0.523673 1
0.523673 1
5.86625 1
5.49772 1
5.26193 1
5.26193 1
4.91612 1
4.89973 1
5.07337 1
5.47876 1
5.98549 1
6.52499 1
7.04243 1
7.56742 1
8.04186 1
8.41523 1
8.5644 1
8.55293 1
8.51128 1
8.40896 1
8.23972 1
8.15073 1
8.21858 1
8.41916 1
8.71191 1
9.00419 1
9.20199 1
9.1843 1
9.10098 1
9.02206 1
8.98344 1
9.01283 1
9.20672 1
9.44453 1
9.5381 1
9.44335 1
9.35222 1
9.28738 1
9.29299 1
9.3849 1
9.55792 1
9.76983 1
10.0429 1
10.2335 1
10.3104 1
10.1901 1
9.8997 1
9.72926 1
9.74881 1
9.78327 1
9.79831 1
9.79831 1
9.57969 1
9.2573 1
9.00584 1
8.99504 1
9.24256 1
9.47366 1
9.5533 1
9.50525 1
9.42778 1
9.38646 1
9.53999 1
9.53999 1
10.0306 1
9.94249 1
9.52412 1
9.0538 1
8.91024 1
9.14872 1
9.53364 1
9.79205 1
9.82655 1
9.66586 1
9.64456 1
9.70384 1
9.76141 1
9.67617 1
9.49309 1
9.38835 1
9.56428 1
9.97203 1
10.433 1
10.6725 1
10.642 1
10.5423 1
10.4449 1
10.4928 1
10.518 1
10.2564 1
9.74614 1
9.74614 1
9.3016 1
9.55661 1
9.75509 1
9.75509 1
9.45302 1
9.41385 1
9.60141 1
9.73948 1
9.77605 1
9.73837 1
9.76931 1
9.90895 1
9.99126 1
9.76538 1
9.45813 1
9.33108 1
9.49305 1
9.65322 1
9.55257 1
9.37128 1
9.57344 1
10.2268 1
10.9629 1
11.2664 1
11.0922 1
10.9103 1
10.88 1
10.8462 1
10.6708 1
10.4151 1
10.1678 1
10.3066 1
10.7287 1
10.9685 1
10.6305 1
10.0934 1
10.1478 1
10.8336 1
11.3893 1
11.3153 1
10.8799 1
10.7365 1
11.037 1
11.2348 1
10.8416 1
10.2534 1
10.128 1
10.3797 1
10.4519 1
10.0846 1
9.91443 1
10.3527 1
10.8304 1
11.0754 1
11.1176 1
11.3651 1
11.6503 1
11.5113 1
10.8864 1
10.2822 1
10.0932 1
10.151 1
10.0843 1
9.77439 1
9.49973 1
9.65216 1
10.0132 1
9.98828 1
9.6296 1
9.52644 1
9.9124 1
9.9124 1
9.46589 1
8.75661 1
8.73073 1
9.18859 1
9.05755 1
8.25134 1
7.66612 1
7.82713 1
8.00463 1
7.4479 1
7.11421 1
7.39937 1
8.02168 1
8.02168 1
7.56993 1
7.19985 1
7.19985 1
6.73434 1
6.70411 1
6.25326 1
5.91917 1
5.79492 1
5.13143 1
4.05009 1
3.23713 1
3.02838 1
3.19899 1
3.14711 1
2.73421 1
2.331 1
2.06354 1
1.60045 1
0.757902 1
1.87944 1
3.45051 1
5.29617 1
7.20618 1
9.1295 1
10.616 1
11.6675 1
12.7515 1
13.677 1
14.5689 1
15.4966 1
17.2434 1
19.4934 1
22.3413 1
25.3767 1
28.0971 1
30.8107 1
34.1373 1
37.7407 1
41.301 1
41.301 1
47.3021 1
49.3838 1
50.4197 1
51.0163 1
51.6957 1
52.7763 1
54.4398 1
56.2242 1
57.3428 1
57.166 1
56.2683 1
55.0255 1
53.7835 1
53.2036 1
53.514 1
54.0019 1
53.9676 1
52.5756 1
50.3038 1
48.46 1
47.4272 1
46.6692 1
46.1352 1
45.3544 1
44.3693 1
44.3693 1
40.8221 1
38.2541 1
36.4363 1
35.3779 1
35.1079 1
34.1638 1
34.1638 1
32.7769 1
32.8821 1
32.5687 1
33.6254 1
35.6091 1
37.3636 1
37.9543 1
38.8078 1
39.0193 1
38.8544 1
39.4948 1
39.8979 1
39.372 1
40.3507 1
40.8374 1
39.1715 1
36.6046 1
32.9848 1
28.6421 1
25.4813 1
22.8161 1
21.4425 1
20.1251 1
17.5946 1
14.5802 1
10.4114 1
6.35407 1
3.47854 1
1.89231 1
2.17414 1
2.01167 1
1.74427 1
0.978241 1
0.571795 1
0.007917 1
1.74367 1
3.19905 1
4.52103 1
5.49228 1
5.20793 1
4.29846 1
2.37445 1
1.53034 1
1.3612 1
0.962461 1
1.47653 1
1.81075 1
1.87236 1
2.53552 1
3.2334 1
4.25017 1
5.07454 1
5.18296 1
5.20563 1
5.20563 1
4.05834 1
4.40571 1
5.29969 1
5.81155 1
6.47449 1
6.78089 1
6.37997 1
6.09694 1
5.90173 1
4.94575 1
3.95254 1
3.53894 1
2.77917 1
1.56964 1
0.807803 1
0.144395 1
39.1269 1
39.9485 1
40.7532 1
41.6105 1
42.2343 1
42.5472 1
42.9309 1
43.405 1
44.1985 1
44.6546 1
44.7559 1
44.4577 1
43.8113 1
43.3732 1
43.3343 1
43.4724 1
43.6916 1
44.0291 1
44.2519 1
44.2917 1
44.034 1
43.8189 1
43.675 1
43.3736 1
43.1861 1
42.8165 1
42.3434 1
42.392 1
42.6778 1
42.5137 1
41.8095 1
41.0405 1
40.467 1
40.6351 1
41.3406 1
41.9102 1
41.8908 1
41.5741 1
41.1677 1
40.6566 1
39.9358 1
39.2491 1
38.7897 1
38.9378 1
38.9378 1
39.3201 1
38.7334 1
37.978 1
37.2672 1
36.8412 1
36.3943 1
36.0564 1
36.1725 1
36.6554 1
36.3552 1
34.9286 1
33.4778 1
32.5827 1
31.6208 1
30.4253 1
29.9114 1
29.8791 1
28.9976 1
27.515 1
26.3517 1
25.6347 1
24.3576 1
22.8459 1
21.7032 1
20.5756 1
19.0019 1
18.0851 1
17.5684 1
16.4681 1
15.3657 1
14.4757 1
13.5213 1
12.1056 1
10.9707 1
10.9707 1
8.86912 1
8.86912 1
7.99373 1
6.33408 1
5.51993 1
4.94127 1
4.16653 1
3.15001 1
2.3157 1
1.47598 1
0.454495 1
2.89045 1
4.22072 1
5.13575 1
5.81051 1
6.22462 1
6.46237 1
6.57146 1
6.65805 1
6.70073 1
6.71536 1
6.78958 1
7.09566 1
7.51511 1
8.12226 1
8.68068 1
9.10932 1
9.33937 1
9.55028 1
9.8505 1
10.411 1
11.0577 1
11.6104 1
12.0145 1
12.2419 1
12.1497 1
11.9186 1
11.6445 1
11.3285 1
11.3285 1
10.7479 1
10.5513 1
10.3174 1
10.1121 1
10.075 1
9.9493 1
9.58077 1
9.08995 1
8.67663 1
8.39582 1
8.46336 1
8.88891 1
9.25481 1
9.25213 1
9.00558 1
8.6947 1
8.76372 1
9.354 1
10.2763 1
11.204 1
11.9475 1
12.5326 1
13.1394 1
13.6062 1
13.8376 1
13.8248 1
13.922 1
14.075 1
14.0675 1
14.0675 1
13.2061 1
13.018 1
13.2901 1
13.8385 1
14.4035 1
14.7607 1
14.9438 1
15.2745 1
15.8125 1
16.2391 1
16.4075 1
16.5458 1
17.0257 1
17.6499 1
17.8486 1
17.9366 1
18.2938 1
18.4039 1
18.5345 1
18.158 1
17.6354 1
17.4601 1
17.5765 1
17.4106 1
16.9869 1
16.9869 1
16.8215 1
17.1267 1
16.3468 1
15.8022 1
16.2733 1
16.9274 1
16.9418 1
16.6562 1
16.9187 1
17.3383 1
17.2768 1
16.7723 1
16.606 1
17.2119 1
17.7999 1
17.6376 1
17.3121 1
17.7164 1
18.2736 1
18.1121 1
17.7412 1
18.2524 1
19.0255 1
18.9213 1
18.3896 1
18.4807 1
18.8207 1
18.3145 1
17.391 1
17.3389 1
17.7459 1
17.3282 1
16.619 1
16.829 1
17.4874 1
17.3346 1
16.8353 1
17.167 1
17.9133 1
18.1091 1
18.0741 1
18.473 1
18.3049 1
17.5896 1
16.6606 1
16.5358 1
16.9117 1
16.59 1
15.8597 1
15.855 1
16.169 1
15.4594 1
14.2145 1
13.5452 1
12.8778 1
11.2081 1
9.24794 1
7.96665 1
7.96665 1
5.1737 1
3.52346 1
2.4241 1
1.39231 1
0.05207 1
0.167592 2
0.528372 2
0.657389 2
0.775611 2
1.12486 2
1.56366 2
2.10015 2
2.52365 2
2.80428 2
3.58158 2
5.94169 2
9.37678 2
13.0398 2
16.1233 2
19.6456 2
21.8828 2
22.9901 2
23.3852 2
23.7454 2
24.3838 2
25.2467 2
25.9003 2
26.44 2
26.9386 2
27.789 2
29.0288 2
30.3157 2
31.3064 2
31.8784 2
32.0047 2
31.8899 2
31.7178 2
31.8219 2
32.1938 2
32.4525 2
32.4936 2
32.3567 2
32.1604 2
32.3125 2
32.7056 2
33.0512 2
33.1202 2
33.0426 2
32.9329 2
32.9426 2
33.1253 2
33.2592 2
33.4187 2
33.507 2
33.6681 2
33.6029 2
33.4169 2
33.2113 2
32.9029 2
32.5025 2
31.939 2
31.1968 2
30.4602 2
30.0603 2
29.6644 2
29.3181 2
29.06 2
28.8055 2
28.6044 2
28.6317 2
28.6876 2
28.7428 2
28.556 2
28.166 2
27.6691 2
27.1607 2
26.6835 2
26.363 2
26.0484 2
25.7559 2
25.4629 2
25.1425 2
24.8519 2
24.5037 2
23.8969 2
23.2328 2
22.8701 2
22.7925 2
22.5854 2
21.9249 2
20.9623 2
20.4033 2
20.8466 2
21.615 2
21.7005 2
21.1686 2
20.7919 2
21.154 2
21.763 2
21.9216 2
21.854 2
22.1984 2
22.8393 2
23.3796 2
23.3184 2
23.0186 2
23.0486 2
23.547 2
24.0679 2
24.3175 2
24.3015 2
24.1439 2
23.854 2
23.6764 2
23.5239 2
23.1786 2
22.5739 2
22.1941 2
22.0662 2
22.3985 2
22.9587 2
23.3488 2
23.2711 2
23.199 2
23.318 2
23.6976 2
24.054 2
24.3625 2
24.4145 2
24.5015 2
24.5907 2
24.93 2
25.2815 2
25.3863 2
25.1451 2
24.9355 2
24.9124 2
25.0857 2
25.4034 2
25.847 2
26.3025 2
26.8515 2
27.3806 2
27.5414 2
27.6034 2
27.8386 2
27.9409 2
28.0682 2
28.1294 2
28.0916 2
27.7321 2
27.354 2
26.9565 2
26.552 2
26.16 2
26.0506 2
26.3076 2
26.7899 2
27.2027 2
27.6176 2
28.1703 2
28.5129 2
28.6321 2
28.5917 2
28.1999 2
27.9426 2
27.8386 2
27.9233 2
27.9788 2
27.8451 2
27.3266 2
26.4512 2
25.5309 2
24.6957 2
23.8111 2
23.0771 2
22.464 2
22.0985 2
21.845 2
21.4713 2
21.121 2
20.9073 2
20.7765 2
20.781 2
20.7335 2
20.6445 2
20.5179 2
20.503 2
20.4054 2
20.1454 2
19.6273 2
19.0447 2
18.6696 2
18.7916 2
19.1454 2
19.4744 2
19.782 2
20.1342 2
20.3653 2
20.5141 2
20.3227 2
20.023 2
19.7366 2
19.5541 2
19.6774 2
20.249 2
21.2139 2
21.9268 2
22.3689 2
22.668 2
22.7211 2
22.7739 2
22.8908 2
23.3832 2
24.2717 2
24.9742 2
25.353 2
25.6609 2
25.8723 2
25.9436 2
25.9327 2
25.9102 2
25.8193 2
25.7967 2
25.7581 2
25.7176 2
25.6302 2
25.2829 2
24.9809 2
24.7935 2
24.9004 2
25.1731 2
25.4429 2
25.723 2
25.8245 2
25.4881 2
24.9958 2
24.6371 2
24.3231 2
24.0099 2
23.718 2
23.5057 2
23.3602 2
23.1832 2
23.0321 2
22.9075 2
22.9848 2
23.2133 2
23.3422 2
23.5879 2
23.6454 2
23.4668 2
22.9971 2
22.4867 2
22.0575 2
21.708 2
21.3873 2
21.3129 2
21.3841 2
21.505 2
21.8217 2
22.2593 2
22.5457 2
22.8566 2
23.189 2
23.2255 2
22.7551 2
21.9267 2
20.8859 2
20.0443 2
19.3894 2
18.7207 2
17.9256 2
17.031 2
16.103 2
15.5217 2
14.9771 2
14.4803 2
13.8883 2
13.1395 2
12.2817 2
11.5543 2
11.04 2
10.7118 2
10.485 2
10.3879 2
10.4301 2
10.3863 2
10.1116 2
9.66343 2
9.03376 2
8.46896 2
8.07134 2
7.78668 2
7.42787 2
7.03286 2
6.44409 2
5.62686 2
4.66455 2
2.97748 2
1.13034 2
1.07211 2
2.25848 2
3.12623 2
3.82495 2
4.64923 2
5.72255 2
6.6262 2
8.01364 2
10.0102 2
12.4609 2
14.8544 2
16.9231 2
18.5177 2
19.9564 2
21.2722 2
21.2801 2
23.1947 2
24.9878 2
26.3418 2
27.472 2
26.9531 2
28.3407 2
29.5056 2
30.174 2
30.5573 2
30.4447 2
30.0814 2
29.6859 2
29.2039 2
28.7261 2
28.6579 2
28.9358 2
29.2596 2
29.7765 2
30.325 2
30.6397 2
30.5796 2
30.3093 2
30.1685 2
29.9755 2
29.6047 2
29.0651 2
28.2481 2
27.3931 2
26.8426 2
26.6436 2
26.6 2
26.8549 2
26.96 2
26.4068 2
25.9097 2
25.9097 2
24.8568 2
24.6696 2
24.5 2
24.175 2
23.6801 2
23.1351 2
22.4476 2
21.8007 2
21.1321 2
20.8631 2
20.9428 2
21.1744 2
21.1126 2
20.7223 2
20.0318 2
19.385 2
18.7985 2
18.267 2
17.7449 2
17.3737 2
17.1649 2
16.9969 2
16.5654 2
16.1669 2
15.8279 2
15.7118 2
15.7015 2
15.7736 2
15.6596 2
15.4879 2
15.3052 2
15.3227 2
15.2469 2
15.0572 2
14.8737 2
14.9043 2
14.948 2
14.9932 2
15.0488 2
15.2432 2
15.3167 2
15.3504 2
15.3995 2
15.6719 2
16.0018 2
16.3923 2
16.7722 2
17.0401 2
17.0843 2
17.1042 2
17.3482 2
17.8861 2
18.5225 2
19.2957 2
20.0588 2
20.7835 2
21.3182 2
21.8475 2
22.392 2
22.9283 2
23.228 2
23.5556 2
23.8369 2
24.1326 2
24.5222 2
25.0811 2
25.5626 2
25.7909 2
25.5821 2
25.244 2
24.8954 2
24.5047 2
24.2493 2
24.2056 2
24.0777 2
23.6799 2
23.0551 2
22.3194 2
21.6017 2
21.3757 2
21.4343 2
21.411 2
21.0565 2
20.5154 2
19.8947 2
19.3844 2
18.8662 2
18.3433 2
17.7315 2
17.2175 2
16.7467 2
16.3893 2
16.1835 2
16.2562 2
16.4099 2
16.7517 2
17.2094 2
17.7795 2
18.2977 2
18.8263 2
19.2509 2
19.422 2
19.3303 2
19.2509 2
19.1938 2
19.2298 2
19.2855 2
19.5444 2
19.8115 2
20.2465 2
20.6063 2
20.9967 2
21.3126 2
21.5003 2
21.4211 2
21.3833 2
21.4976 2
21.6941 2
21.7008 2
21.4772 2
21.0453 2
20.4196 2
19.7365 2
19.2919 2
19.0379 2
19.0539 2
19.2366 2
19.3972 2
19.3114 2
19.1038 2
18.7147 2
18.3636 2
17.9271 2
17.6159 2
17.7477 2
18.259 2
18.617 2
18.7684 2
18.6545 2
18.555 2
18.6023 2
18.8847 2
19.1454 2
19.4171 2
19.6795 2
19.8142 2
19.7968 2
19.6657 2
19.6123 2
19.5913 2
19.5591 2
19.5793 2
19.5003 2
19.2232 2
18.6466 2
17.8414 2
17.1206 2
16.6942 2
16.5692 2
16.7399 2
16.9846 2
17.0869 2
16.9328 2
16.5723 2
16.2756 2
16.2499 2
16.4488 2
16.9734 2
17.6721 2
18.3276 2
18.8335 2
19.1364 2
19.3766 2
19.5494 2
19.6266 2
19.7398 2
19.7919 2
19.6277 2
19.1545 2
18.5076 2
17.7897 2
17.201 2
16.9206 2
16.8977 2
17.021 2
17.1133 2
17.0993 2
16.8973 2
16.6103 2
16.4423 2
16.3369 2
16.4001 2
16.5915 2
16.8841 2
16.977 2
16.8681 2
16.5113 2
16.0123 2
15.4921 2
15.2467 2
15.2635 2
15.4442 2
15.556 2
15.4446 2
15.0667 2
14.6922 2
14.4899 2
14.5803 2
14.7222 2
14.7911 2
14.7059 2
14.5799 2
14.5251 2
14.6611 2
14.7989 2
15.2995 2
15.6245 2
15.9686 2
16.2408 2
16.4262 2
16.5113 2
16.5172 2
16.4181 2
16.2394 2
15.9639 2
15.6374 2
15.1773 2
14.5531 2
13.7188 2
12.7297 2
11.6066 2
10.427 2
9.21419 2
7.88429 2
6.36341 2
4.82097 2
3.57965 2
2.79937 2
1.92897 2
0.940376 2
0.070905 2
1.06306 2
0.373683 2
0.261997 2
0.227316 2
0.065796 2
1.68902 2
1.47572 2
2.78672 2
2.35214 2
2.89551 2
1.76831 2
2.15608 2
1.22573 2
1.4109 2
0.384817 2
0.457867 2
0.780051 2
1.17393 2
1.515 2
1.87978 2
2.48924 2
3.06259 2
3.49899 2
3.63785 2
3.52801 2
3.87015 2
3.32036 2
4.07748 2
3.94802 2
5.42966 2
5.37076 2
6.80515 2
6.49068 2
7.50293 2
6.97204 2
7.87061 2
7.13556 2
8.02495 2
7.56978 2
8.57714 2
8.16623 2
9.17464 2
8.77198 2
9.94406 2
10.0192 2
11.7804 2
11.7847 2
13.1713 2
12.8102 2
13.777 2
13.229 2
14.0529 2
13.2974 2
14.0501 2
13.3877 2
14.0848 2
13.4051 2
14.6052 2
14.4649 2
15.5904 2
15.5904 2
16.2973 2
15.6523 2
16.5526 2
16.0391 2
17.0415 2
16.7013 2
17.9858 2
17.8783 2
19.0875 2
18.5908 2
19.3683 2
18.4081 2
19.4832 2
19.0812 2
20.1628 2
20.0189 2
21.5301 2
21.4425 2
22.7115 2
22.0382 2
22.7586 2
21.6858 2
21.7852 2
20.4634 2
21.2074 2
21.2283 2
22.5719 2
22.2973 2
23.229 2
22.5015 2
22.9638 2
21.9425 2
22.0017 2
20.718 2
21.4051 2
20.6007 2
21.4289 2
21.0785 2
22.2511 2
21.9058 2
22.9292 2
22.5454 2
24.0333 2
23.6087 2
24.5288 2
23.6616 2
24.3696 2
23.5676 2
24.1407 2
23.0835 2
23.7323 2
22.9959 2
23.7905 2
23.4663 2
24.402 2
23.6022 2
24.2859 2
23.464 2
24.2966 2
23.6528 2
24.6577 2
24.3458 2
25.5401 2
25.2724 2
26.5651 2
26.5298 2
28.0309 2
28.046 2
29.6203 2
29.1492 2
28.472 2
26.0195 2
23.3519 2
12.0022 2
6.30294 2
57.4098 2
56.1173 2
56.2216 2
54.7695 2
55.1695 2
54.0497 2
54.7546 2
53.9137 2
54.4664 2
53.3892 2
53.9204 2
52.4557 2
52.2839 2
50.5291 2
50.8179 2
50.2984 2
51.7761 2
51.3217 2
52.0339 2
50.7125 2
50.6153 2
48.6382 2
48.5974 2
47.0723 2
47.1315 2
45.5599 2
45.7176 2
43.8748 2
43.4092 2
41.1835 2
40.7025 2
38.6099 2
38.1833 2
36.1591 2
35.9527 2
34.1913 2
34.2079 2
32.5727 2
32.6416 2
31.0918 2
31.5026 2
30.4572 2
31.2367 2
30.3676 2
31.127 2
30.0604 2
30.757 2
29.7466 2
30.5034 2
30.1441 2
31.829 2
31.7372 2
33.3517 2
33.4997 2
33.4997 2
35.4852 2
37.3612 2
37.7692 2
37.7692 2
40.2573 2
42.3406 2
42.4659 2
44.0986 2
43.7158 2
45.2063 2
45.2063 2
46.935 2
46.7004 2
47.7113 2
46.4841 2
46.7572 2
45.4514 2
46.6451 2
46.7535 2
48.4836 2
48.3966 2
49.9082 2
49.5717 2
50.852 2
50.3299 2
51.2671 2
50.6051 2
52.1856 2
52.2992 2
53.9828 2
53.701 2
54.7784 2
54.5279 2
55.7375 2
55.0678 2
55.6604 2
54.3472 2
54.7968 2
53.6016 2
54.0625 2
53.268 2
53.9539 2
52.9956 2
53.3602 2
52.0916 2
52.4648 2
52.0647 2
53.0296 2
51.8094 2
51.9867 2
50.0965 2
49.5711 2
48.1841 2
48.49 2
46.9453 2
46.9057 2
45.1647 2
45.3019 2
44.3311 2
44.9149 2
43.8863 2
44.3619 2
43.2377 2
43.3357 2
42.32 2
42.9623 2
42.2533 2
43.1217 2
42.4522 2
42.9941 2
41.7245 2
42.2273 2
40.895 2
40.7382 2
39.0276 2
39.2184 2
39.2184 2
38.2571 2
36.3896 2
36.2361 2
34.6732 2
34.6756 2
33.209 2
33.5383 2
32.4239 2
32.6254 2
31.1726 2
31.2588 2
29.9056 2
29.9074 2
28.3794 2
28.7282 2
27.5693 2
27.6767 2
26.0955 2
26.1931 2
24.8447 2
24.9975 2
23.4583 2
23.4583 2
21.8067 2
21.7477 2
19.8618 2
19.2356 2
17.1909 2
16.9549 2
15.3977 2
15.445 2
14.2532 2
14.7559 2
13.5121 2
13.5958 2
12.1329 2
12.0783 2
10.465 2
10.7333 2
9.90259 2
10.7433 2
9.70086 2
9.99351 2
8.82253 2
9.29077 2
8.32298 2
9.09878 2
8.42206 2
9.06181 2
7.90317 2
8.21304 2
6.96825 2
7.41922 2
6.57092 2
7.52026 2
6.8362 2
7.42501 2
6.44811 2
6.96486 2
5.95519 2
6.54156 2
5.76448 2
6.50685 2
5.62952 2
6.16797 2
5.14137 2
5.66804 2
4.71487 2
5.38567 2
4.55549 2
5.15909 2
4.15786 2
4.58076 2
3.53886 2
4.02112 2
3.13661 2
3.77901 2
2.94173 2
3.63036 2
2.89487 2
3.63731 2
2.82478 2
3.49013 2
2.55781 2
3.01112 2
1.89495 2
2.37913 2
1.4259 2
2.04824 2
1.22502 2
1.89051 2
0.960506 2
1.50052 2
0.410045 2
0.897728 2
0.600647 2
5.0776 2
4.86783 2
6.7354 2
7.07422 2
9.19773 2
9.52246 2
11.1805 2
11.1317 2
12.4701 2
12.0548 2
12.8875 2
12.1277 2
13.0843 2
12.6887 2
13.5287 2
12.7363 2
13.7872 2
13.2672 2
14.6334 2
14.6092 2
16.2839 2
16.1521 2
17.4642 2
17.1889 2
18.3879 2
18.1603 2
19.8006 2
19.807 2
21.5293 2
21.7151 2
23.1765 2
22.8956 2
24.2311 2
23.8484 2
25.0526 2
24.4083 2
25.4132 2
25.1033 2
26.3827 2
25.7443 2
26.4675 2
25.5175 2
26.1866 2
25.7364 2
26.8917 2
26.3299 2
27.5395 2
27.0555 2
28.0927 2
27.4263 2
28.3808 2
27.8515 2
28.9999 2
28.9999 2
29.4869 2
28.9176 2
29.8887 2
29.1276 2
30.0901 2
29.4663 2
30.4974 2
29.995 2
31.1774 2
30.6697 2
31.7751 2
31.2753 2
32.3201 2
31.7984 2
32.9306 2
32.3168 2
33.3008 2
32.6128 2
33.5296 2
32.8182 2
33.7312 2
32.9787 2
33.7145 2
32.839 2
33.701 2
33.3007 2
34.5179 2
34.0122 2
34.962 2
34.2691 2
35.0819 2
34.4208 2
35.2311 2
34.4789 2
35.261 2
34.4038 2
34.9845 2
33.753 2
32.8184 2
31.0525 2
32.4624 2
30.9434 2
30.3688 2
28.0288 2
24.7762 2
19.6532 2
11.7005 2
2.04344 2
1.73828 2
1.73421 2
0.898405 2
2.57657 2
4.17227 2
6.14074 2
8.11203 2
10.6482 2
13.3818 2
16.7461 2
19.5375 2
22.193 2
24.0176 2
25.9395 2
27.4135 2
29.0751 2
30.456 2
31.9251 2
32.9463 2
33.997 2
35.0747 2
36.4584 2
37.8352 2
39.0502 2
39.8546 2
40.053 2
39.7825 2
39.4588 2
39.3902 2
39.706 2
40.0321 2
40.318 2
40.4102 2
40.545 2
40.3059 2
39.6497 2
39.3194 2
39.0651 2
38.8356 2
38.7821 2
38.8111 2
38.9046 2
38.6818 2
38.4464 2
38.1791 2
38.3163 2
38.5318 2
38.9983 2
39.1199 2
38.939 2
38.3974 2
38.0348 2
37.8174 2
37.7936 2
37.7345 2
37.4594 2
36.9402 2
36.3902 2
35.9538 2
35.908 2
35.8162 2
35.611 2
35.3444 2
35.3754 2
35.323 2
35.7137 2
35.5791 2
35.7988 2
35.9392 2
36.1927 2
36.0915 2
36.0117 2
35.7826 2
36.3611 2
36.4071 2
36.6594 2
36.2156 2
36.1435 2
35.7787 2
35.9384 2
35.7185 2
35.7334 2
35.2708 2
35.1186 2
34.6398 2
34.557 2
34.4997 2
34.9381 2
35.0279 2
35.0881 2
34.6527 2
34.4406 2
34.0481 2
34.0273 2
33.5946 2
33.4552 2
33.3181 2
33.7279 2
33.595 2
33.3922 2
32.8925 2
32.8801 2
32.8557 2
33.0708 2
33.2712 2
33.797 2
34.2294 2
34.706 2
34.9573 2
35.136 2
35.1371 2
35.5922 2
35.852 2
35.852 2
35.9146 2
36.4436 2
37.1741 2
38.1336 2
38.6087 2
38.9124 2
38.7788 2
39.0913 2
39.941 2
40.9356 2
41.5102 2
41.9577 2
42.1412 2
43.0424 2
43.5211 2
43.9232 2
43.9232 2
45.3805 2
46.5455 2
47.8893 2
48.5951 2
49.0214 2
48.9308 2
49.2707 2
49.4861 2
50.3066 2
50.9015 2
51.7982 2
52.0651 2
52.4423 2
52.1336 2
52.3036 2
52.0526 2
51.9289 2
51.6013 2
52.0573 2
52.0639 2
52.0964 2
51.3643 2
50.6999 2
49.4241 2
48.5754 2
48.0056 2
48.092 2
47.821 2
47.8237 2
47.2914 2
46.7671 2
45.7522 2
45.1158 2
44.5251 2
44.777 2
45.1216 2
45.759 2
45.6828 2
44.9682 2
43.6554 2
42.8213 2
41.6407 2
40.7084 2
39.3153 2
38.3105 2
36.8804 2
35.9036 2
34.7533 2
34.3516 2
33.7401 2
33.3735 2
32.7005 2
32.3063 2
31.5146 2
30.6818 2
29.4723 2
28.9536 2
27.9877 2
26.865 2
24.9306 2
22.9908 2
20.8277 2
19.2508 2
18.0124 2
17.4827 2
16.5016 2
15.6781 2
14.2082 2
14.2082 2
11.3653 2
10.3457 2
9.42026 2
8.99822 2
8.14199 2
7.61737 2
6.43507 2
5.62024 2
4.50709 2
3.57831 2
2.60291 2
1.78438 2
1.05361 2
0.540191 2
0.274768 2
0.034203 2
0.065712 2
0.233895 2
1.68713 2
3.26552 2
5.04308 2
6.72002 2
7.87226 2
8.63129 2
9.00155 2
9.28128 2
9.63531 2
10.178 2
10.9607 2
12.2036 2
13.7368 2
15.299 2
16.6842 2
18.0414 2
19.3787 2
20.6464 2
21.7724 2
22.5935 2
23.5945 2
24.7769 2
26.4849 2
27.9631 2
29.6649 2
31.1668 2
32.5571 2
33.3945 2
34.5677 2
35.8032 2
37.4025 2
38.5413 2
39.5022 2
39.7229 2
40.1011 2
40.4423 2
41.0354 2
41.2876 2
41.9523 2
42.2008 2
42.3263 2
41.8744 2
41.827 2
41.6128 2
41.7475 2
41.9561 2
42.4086 2
42.712 2
43.2144 2
43.3581 2
43.2332 2
42.7346 2
42.652 2
42.5421 2
42.7261 2
42.6142 2
42.3881 2
41.4235 2
40.6322 2
40.3147 2
41.0446 2
41.5605 2
41.63 2
40.8589 2
40.4427 2
40.5404 2
41.4185 2
42.1493 2
42.8686 2
43.541 2
44.5067 2
44.7573 2
44.7202 2
44.3141 2
44.166 2
44.1513 2
44.6631 2
44.9601 2
45.4272 2
45.5615 2
45.9595 2
46.2962 2
47.3035 2
48.1262 2
48.802 2
48.8121 2
49.0516 2
49.4476 2
50.2351 2
50.2249 2
49.8229 2
49.0741 2
48.9658 2
48.9809 2
49.1925 2
48.5571 2
48.1697 2
47.8708 2
48.2192 2
47.8794 2
47.5197 2
46.9004 2
46.9079 2
46.6066 2
46.3748 2
45.7215 2
45.606 2
45.0833 2
44.9569 2
44.7825 2
45.2343 2
45.5224 2
45.5934 2
45.04 2
45.3612 2
45.429 2
44.4813 2
39.6064 2
35.2986 2
31.8008 2
30.1172 2
29.0322 2
28.464 2
26.5165 2
25.0278 2
23.6352 2
24.7627 2
27.1161 2
32.1218 2
37.6258 2
43.4839 2
48.2932 2
52.3039 2
54.1981 2
54.4502 2
53.6927 2
52.9725 2
51.7862 2
51.2671 2
51.0307 2
50.5564 2
50.0743 2
49.8079 2
49.2924 2
49.5374 2
50.0558 2
50.5229 2
50.6127 2
50.4918 2
49.7261 2
49.1843 2
48.7187 2
49.3907 2
50.1289 2
51.1953 2
52.0717 2
52.818 2
53.4913 2
54.211 2
54.3975 2
54.5607 2
54.6348 2
54.7321 2
54.8823 2
55.3396 2
55.3946 2
54.9152 2
53.8395 2
52.9238 2
51.6262 2
50.2825 2
48.4542 2
48.4542 2
44.4891 2
43.5326 2
42.6186 2
41.5182 2
39.9492 2
39.1723 2
38.7331 2
38.7532 2
38.47 2
38.1024 2
37.0434 2
36.3758 2
35.9505 2
35.8032 2
35.6686 2
35.4675 2
34.6816 2
33.6676 2
32.6057 2
32.2054 2
32.0757 2
31.3982 2
32.554 2
33.2084 2
32.4845 2
31.5777 2
31.048 2
30.9526 2
30.8489 2
30.8971 2
30.4444 2
29.973 2
29.6553 2
29.7318 2
29.539 2
29.1403 2
29.093 2
29.8051 2
30.5345 2
31.488 2
32.154 2
32.4582 2
32.4412 2
32.3518 2
32.1708 2
31.9062 2
31.3141 2
30.6497 2
29.5001 2
28.3797 2
27.2937 2
26.2632 2
25.1549 2
23.7257 2
22.6974 2
21.3547 2
21.0269 2
21.0339 2
20.207 2
18.9216 2
17.3936 2
16.0977 2
14.4199 2
12.9243 2
11.2525 2
9.996 2
8.76356 2
8.12032 2
7.33586 2
7.03593 2
6.73201 2
6.98993 2
6.93949 2
6.92042 2
6.34114 2
5.76655 2
5.13076 2
4.90343 2
4.70078 2
4.53299 2
4.50541 2
4.78098 2
5.11601 2
5.48242 2
5.705 2
5.73237 2
5.48215 2
5.05128 2
4.62042 2
4.25799 2
4.00536 2
3.80446 2
3.6641 2
3.44572 2
3.4448 2
3.48912 2
3.62953 2
3.73573 2
3.84739 2
3.85901 2
3.83075 2
3.81897 2
3.92234 2
3.99836 2
4.08436 2
4.06264 2
4.11546 2
4.17952 2
4.22007 2
4.10718 2
4.0423 2
3.95493 2
3.98789 2
4.043 2
4.1894 2
4.26071 2
4.30265 2
4.19666 2
4.13426 2
4.09655 2
4.12718 2
4.10598 2
4.12109 2
3.99089 2
3.96531 2
3.9565 2
3.97511 2
3.954 2
3.95213 2
3.8526 2
3.7954 2
3.64556 2
3.5887 2
3.53301 2
3.58069 2
3.74025 2
3.9852 2
4.18038 2
4.27552 2
4.28604 2
4.38752 2
4.67638 2
5.02307 2
5.15633 2
4.98799 2
4.8363 2
4.81388 2
4.92512 2
4.96904 2
4.96482 2
4.92085 2
4.95001 2
5.07492 2
5.18165 2
5.13526 2
5.07146 2
5.06487 2
5.116 2
5.19473 2
5.14301 2
5.12893 2
5.15394 2
5.24746 2
5.2851 2
5.2891 2
5.32787 2
5.48696 2
5.76567 2
6.03207 2
5.92224 2
5.58854 2
5.41154 2
5.64961 2
6.1858 2
6.839 2
7.22996 2
7.40292 2
7.53941 2
7.93341 2
8.75767 2
9.40249 2
10.1297 2
10.8973 2
11.5977 2
11.8589 2
12.1567 2
12.2578 2
12.8366 2
13.63 2
14.8312 2
15.4074 2
15.6848 2
15.476 2
15.3805 2
15.291 2
15.4711 2
15.4803 2
15.3579 2
14.9277 2
14.6465 2
14.2675 2
13.7257 2
12.9378 2
11.8043 2
10.3851 2
8.50106 2
6.36995 2
4.29509 2
2.286 2
0.54824 2
0.215829 2
3.2762 2
4.10415 2
6.97111 2
7.86621 2
8.90743 2
10.2521 2
13.2079 2
16.8852 2
21.4119 2
24.021 2
27.5208 2
29.7801 2
33.5137 2
35.5458 2
40.4631 2
42.9143 2
45.8815 2
47.1932 2
49.2604 2
50.2675 2
52.676 2
53.8485 2
56.1431 2
57.1098 2
59.2389 2
59.5153 2
60.1791 2
59.141 2
59.6485 2
59.5941 2
60.9212 2
60.7334 2
61.3827 2
59.9167 2
59.4896 2
57.2721 2
56.2214 2
53.932 2
53.842 2
53.404 2
53.8811 2
52.44 2
52.0977 2
49.983 2
49.337 2
48.0927 2
48.456 2
47.303 2
47.3869 2
45.4457 2
45.0077 2
42.8433 2
42.3014 2
40.8498 2
40.5748 2
38.129 2
37.1159 2
35.0516 2
34.6944 2
33.6416 2
34.0184 2
32.6999 2
33.0218 2
32.0721 2
32.2312 2
31.2248 2
32.2151 2
32.1319 2
33.7312 2
33.5202 2
34.6781 2
34.1997 2
34.938 2
33.9826 2
35.4496 2
36.4578 2
38.8132 2
40.0524 2
42.3675 2
42.6708 2
44.4288 2
45.7495 2
49.5993 2
51.9993 2
55.2721 2
56.2959 2
57.6525 2
57.0607 2
58.0566 2
57.8842 2
58.5963 2
58.0667 2
59.1032 2
58.3751 2
58.8303 2
57.9258 2
58.1543 2
57.4036 2
58.0331 2
56.8228 2
56.8854 2
56.2322 2
57.4775 2
57.2452 2
57.7558 2
57.1195 2
57.8174 2
56.9823 2
57.6374 2
56.4662 2
56.3883 2
55.6861 2
57.0783 2
56.8576 2
57.529 2
56.6505 2
56.9511 2
55.8478 2
56.0537 2
54.5863 2
54.736 2
53.5748 2
54.3671 2
53.9615 2
55.1221 2
54.7501 2
55.483 2
54.3465 2
54.2276 2
52.6239 2
53.0048 2
51.9342 2
52.4374 2
51.6838 2
52.3251 2
51.3107 2
51.3136 2
49.4108 2
49.7389 2
48.9379 2
49.4277 2
48.0819 2
47.9877 2
46.9111 2
47.3887 2
46.3975 2
47.2644 2
47.2065 2
48.6149 2
48.2099 2
48.961 2
47.9184 2
48.6051 2
47.4863 2
48.1922 2
47.232 2
47.5075 2
46.3576 2
46.4957 2
44.7152 2
44.6603 2
43.3522 2
43.8537 2
42.238 2
41.6553 2
39.6264 2
39.2455 2
37.266 2
37.2328 2
35.8982 2
35.9309 2
34.5094 2
34.6077 2
32.7583 2
32.3475 2
30.1862 2
29.6576 2
27.9063 2
27.6188 2
25.4226 2
24.4998 2
22.0465 2
21.3255 2
19.4394 2
19.2523 2
17.4629 2
17.342 2
15.757 2
15.8753 2
13.9772 2
13.3819 2
11.1968 2
11.1477 2
9.94216 2
10.6073 2
9.72377 2
10.2491 2
8.89506 2
9.17814 2
7.7672 2
7.82439 2
6.44803 2
7.06209 2
6.19708 2
6.84485 2
5.68404 2
6.19213 2
5.25728 2
5.93836 2
4.63222 2
4.97379 2
3.87568 2
4.50595 2
3.50205 2
4.31741 2
3.34813 2
3.97814 2
3.10086 2
4.08932 2
3.36069 2
4.14949 2
3.30762 2
4.08632 2
2.93764 2
3.31597 2
2.18213 2
2.8406 2
1.8534 2
2.61649 2
1.83376 2
2.56123 2
1.5638 2
2.27284 2
1.25864 2
1.71937 2
0.461421 2
0.964664 2
0.477084 2
74.0069 3
74.1896 3
74.9465 3
75.7214 3
76.3102 3
76.1744 3
74.9821 3
73.4784 3
72.8209 3
74.202 3
75.7387 3
76.5163 3
76.368 3
75.2022 3
73.6524 3
73.0562 3
72.4864 3
71.5652 3
70.8491 3
69.8948 3
68.2739 3
66.8241 3
65.7528 3
65.0834 3
64.2081 3
63.648 3
63.2438 3
62.0493 3
59.905 3
57.61 3
55.1942 3
53.2069 3
52.5587 3
51.976 3
50.4587 3
48.5658 3
46.7888 3
45.4237 3
44.8819 3
44.6598 3
43.917 3
42.9371 3
41.5499 3
40.0427 3
38.5436 3
37.5269 3
36.3518 3
35.1324 3
33.872 3
32.6487 3
31.8202 3
31.6988 3
31.2421 3
30.7166 3
30.3147 3
29.9116 3
29.4153 3
28.5872 3
27.5795 3
27.619 3
27.9832 3
27.8554 3
27.0632 3
26.4009 3
25.8509 3
25.8421 3
25.8796 3
26.3782 3
27.533 3
28.7401 3
29.123 3
29.0419 3
28.6068 3
28.3762 3
28.6363 3
29.6323 3
30.98 3
32.257 3
33.0259 3
33.5667 3
33.945 3
34.5233 3
35.1924 3
36.5914 3
37.8087 3
38.6583 3
38.9531 3
39.1555 3
39.0191 3
38.5021 3
37.9344 3
37.483 3
36.9854 3
36.7099 3
36.5901 3
36.5033 3
36.0504 3
35.4937 3
34.6802 3
33.993 3
33.7215 3
33.6537 3
33.566 3
33.971 3
34.3713 3
34.585 3
34.4442 3
34.3071 3
33.8292 3
33.1962 3
32.204 3
31.2368 3
30.7087 3
30.9452 3
31.1715 3
31.3818 3
31.2493 3
30.8547 3
30.5118 3
30.3425 3
30.091 3
29.8117 3
29.6565 3
29.5497 3
29.3123 3
29.3271 3
29.5504 3
29.7007 3
29.4059 3
29.0313 3
28.4655 3
27.8178 3
27.1332 3
26.6749 3
26.2455 3
25.3951 3
24.4858 3
23.9379 3
23.1986 3
22.2045 3
20.9415 3
19.4595 3
17.7094 3
16.1403 3
14.9104 3
13.8865 3
12.7996 3
11.7833 3
10.7108 3
9.55998 3
8.26907 3
7.01246 3
5.89297 3
4.87977 3
3.90628 3
3.12708 3
2.46526 3
1.9484 3
1.31463 3
0.762595 3
0.141969 3
39.9917 3
40.5065 3
41.6435 3
41.9436 3
42.0713 3
42.8853 3
43.3579 3
42.7067 3
43.1692 3
42.9986 3
43.3137 3
43.4278 3
44.603 3
44.489 3
44.9024 3
44.1002 3
43.7567 3
42.7916 3
42.9186 3
42.2466 3
42.8546 3
42.9606 3
44.2971 3
44.5507 3
45.1342 3
44.2871 3
43.6016 3
41.4988 3
40.4644 3
38.9629 3
39.129 3
38.7513 3
38.8339 3
37.4361 3
36.8909 3
35.0512 3
34.0907 3
32.558 3
32.4526 3
31.3251 3
31.0623 3
30.161 3
29.881 3
29.0648 3
29.0125 3
28.3932 3
28.5696 3
28.0495 3
27.9336 3
26.8916 3
26.9006 3
26.1478 3
26.5655 3
26.254 3
27.1693 3
27.679 3
29.2117 3
29.3519 3
30.1221 3
29.7296 3
30.2571 3
30.3129 3
31.9675 3
33.3265 3
36.3436 3
38.2767 3
40.6026 3
41.2516 3
42.2816 3
41.9293 3
43.0147 3
43.5761 3
45.1536 3
46.1489 3
48.1906 3
48.8338 3
49.9211 3
49.4593 3
49.4634 3
48.6433 3
49.2212 3
49.4686 3
50.4965 3
49.687 3
49.5727 3
48.6191 3
49.4069 3
49.1118 3
49.4312 3
48.1695 3
47.6421 3
46.6313 3
47.3964 3
47.7026 3
48.8749 3
48.6119 3
48.3662 3
46.3505 3
45.6989 3
44.6017 3
44.5314 3
43.8984 3
44.3398 3
43.5478 3
43.6349 3
42.679 3
42.6045 3
41.2742 3
40.7772 3
39.2552 3
38.9282 3
38.3155 3
38.6613 3
37.9825 3
38.0396 3
36.6084 3
36.1799 3
35.0436 3
35.2902 3
34.9283 3
35.6378 3
35.8848 3
36.7033 3
36.2243 3
36.523 3
35.8783 3
36.8031 3
36.9132 3
38.4669 3
39.0843 3
40.126 3
39.9559 3
40.6931 3
39.8922 3
40.3846 3
40.1451 3
41.3592 3
41.7475 3
43.0071 3
43.0606 3
43.6397 3
43.228 3
43.9892 3
43.7361 3
44.6386 3
44.4576 3
44.7893 3
44.1387 3
44.3364 3
43.6431 3
43.9576 3
43.8849 3
44.772 3
44.6347 3
45.3909 3
44.8639 3
45.002 3
44.2823 3
44.3101 3
43.2377 3
43.2364 3
42.703 3
42.826 3
42.1029 3
42.1905 3
41.2774 3
41.1799 3
40.2996 3
40.4247 3
39.7923 3
39.9569 3
39.4683 3
39.5303 3
38.6155 3
38.4641 3
37.4647 3
37.3657 3
36.3412 3
36.2026 3
35.234 3
35.093 3
34.1637 3
34.3569 3
33.9363 3
34.0789 3
33.1304 3
32.8755 3
31.6255 3
31.0096 3
29.322 3
28.7784 3
27.7175 3
27.7632 3
26.9182 3
26.4497 3
24.9402 3
24.3658 3
23.0302 3
22.7505 3
21.723 3
21.912 3
21.2684 3
21.2272 3
20.0263 3
19.3929 3
17.7255 3
16.9458 3
15.4606 3
15.0723 3
13.8013 3
13.461 3
12.2968 3
12.1757 3
11.1949 3
11.1277 3
10.2358 3
10.3206 3
9.28453 3
8.91139 3
7.59299 3
7.35133 3
6.38822 3
6.64537 3
6.15564 3
6.5888 3
5.91939 3
6.04176 3
5.1464 3
5.19918 3
4.29637 3
4.46583 3
3.72788 3
3.90826 3
3.14146 3
3.24403 3
2.4097 3
2.56938 3
1.86653 3
2.2447 3
1.72429 3
2.17021 3
1.63851 3
1.9706 3
1.27797 3
1.50538 3
0.827399 3
1.1905 3
0.645941 3
1.08923 3
0.581816 3
1.01716 3
0.472191 3
0.863705 3
0.299931 3
0.768091 3
0.228073 3
0.707653 3
0.206183 3
0.725802 3
0.184786 3
0.634181 3
0.126357 3
0.577211 3
0.02652 3
0.483645 3
0.398447 3
0.37197 3
0.221584 3
0.05344 3
0.033289 3
1.16328 3
1.58231 3
2.65804 3
2.49146 3
3.45147 3
3.4852 3
4.65435 3
4.69676 3
5.70723 3
5.75269 3
6.97528 3
7.05415 3
8.09652 3
8.08015 3
9.16143 3
9.00487 3
10.0453 3
9.70892 3
10.2019 3
10.5503 3
11.8678 3
11.5538 3
12.0372 3
11.1268 3
11.0128 3
9.76959 3
9.21423 3
7.05653 3
5.62079 3
2.11383 3
33.4213 3
33.3093 3
34.3379 3
33.7771 3
34.4734 3
33.5312 3
34.3652 3
33.7977 3
34.8279 3
34.4667 3
35.2975 3
34.4457 3
34.9958 3
34.4916 3
35.5346 3
35.0583 3
35.8359 3
35.1029 3
35.5894 3
34.2091 3
34.3075 3
33.3636 3
34.3466 3
33.7787 3
34.5114 3
33.8342 3
34.1566 3
32.5918 3
32.6035 3
31.2744 3
31.6059 3
30.4758 3
30.4891 3
28.9174 3
28.7975 3
27.2282 3
27.0368 3
25.4907 3
25.213 3
23.3625 3
22.821 3
20.8821 3
20.4801 3
18.8564 3
18.6362 3
16.9832 3
17.3355 3
16.3168 3
17.0414 3
16.2377 3
17.229 3
16.5552 3
17.6099 3
16.9573 3
17.7372 3
17.1584 3
18.4638 3
18.3173 3
20.0418 3
20.8735 3
23.3641 3
23.7405 3
25.0539 3
24.7295 3
25.503 3
24.7366 3
25.7848 3
25.2312 3
26.4722 3
26.351 3
27.4485 3
27.1218 3
28.06 3
27.9887 3
29.1593 3
28.892 3
30.5233 3
30.4986 3
31.7718 3
31.1904 3
32.0466 3
31.5844 3
32.7072 3
32.8614 3
34.2718 3
33.8476 3
34.5679 3
33.6084 3
33.8143 3
32.6217 3
33.6669 3
34.109 3
35.6971 3
35.5314 3
36.2998 3
35.3399 3
35.7114 3
34.6345 3
36.2064 3
36.3442 3
37.464 3
36.6543 3
36.9589 3
35.5868 3
35.8239 3
35.4314 3
36.7166 3
36.2733 3
37.0083 3
35.6897 3
35.5463 3
33.723 3
33.5377 3
32.6681 3
33.7136 3
32.9468 3
33.5361 3
32.6988 3
33.1056 3
32.294 3
33.3717 3
32.8786 3
33.8664 3
33.1764 3
33.6415 3
32.7899 3
33.3728 3
32.4018 3
33.0485 3
32.1175 3
32.5665 3
31.0886 3
30.9915 3
29.9735 3
30.9111 3
30.5634 3
31.7832 3
31.2369 3
32.1164 3
31.1259 3
31.4603 3
30.9969 3
32.3972 3
32.1877 3
33.345 3
32.7221 3
33.4446 3
32.5005 3
32.8352 3
31.982 3
32.7368 3
32.1238 3
33.3854 3
33.0205 3
33.9439 3
33.3814 3
34.1319 3
33.2934 3
33.9019 3
33.2316 3
34.3476 3
33.8439 3
34.8141 3
34.4559 3
35.5067 3
35.0907 3
36.4319 3
35.8779 3
36.5864 3
35.402 3
35.4294 3
34.0214 3
34.874 3
34.4113 3
35.3504 3
34.6996 3
35.225 3
33.9007 3
33.7582 3
31.7241 3
31.5024 3
30.6413 3
31.3564 3
30.4708 3
31.0067 3
29.5835 3
29.7568 3
27.9826 3
27.5273 3
25.4215 3
24.941 3
22.5726 3
21.5144 3
18.6785 3
18.051 3
16.0656 3
16.1862 3
14.475 3
14.0693 3
11.8277 3
11.1363 3
8.60945 3
7.80291 3
5.31399 3
4.54793 3
2.28106 3
2.0199 3
0.322599 3
0.417642 3
72.6047 3
72.2825 3
72.6098 3
71.0471 3
71.3354 3
70.9277 3
72.0988 3
71.8864 3
72.4876 3
70.6154 3
70.3493 3
70.2884 3
72.6867 3
73.5226 3
75.4056 3
75.2136 3
75.7732 3
74.4978 3
74.5113 3
73.3546 3
73.1235 3
71.2062 3
70.5867 3
68.9162 3
69.1265 3
68.1989 3
68.2149 3
65.7393 3
64.2067 3
61.1901 3
60.3552 3
58.2607 3
57.4518 3
55.1168 3
53.5134 3
48.5767 3
44.2187 3
39.4035 3
37.3809 3
34.8623 3
33.5059 3
30.3772 3
28.3452 3
25.5979 3
25.1166 3
23.5159 3
22.6829 3
20.4279 3
20.075 3
19.4605 3
20.2394 3
19.7875 3
20.2592 3
19.0244 3
18.2207 3
16.133 3
15.3446 3
13.7864 3
14.1445 3
13.3546 3
13.9442 3
13.425 3
14.3196 3
13.3887 3
13.981 3
13.0692 3
14.0631 3
13.6445 3
15.2288 3
16.1715 3
18.7075 3
18.8492 3
20.6122 3
21.0959 3
23.622 3
25.2692 3
28.833 3
30.3138 3
33.399 3
34.8689 3
37.9051 3
39.694 3
43.4308 3
45.6531 3
49.4409 3
50.9193 3
52.8121 3
52.5112 3
53.2448 3
52.6977 3
53.8308 3
53.2831 3
54.0195 3
53.3293 3
53.9393 3
52.935 3
53.4973 3
52.6657 3
52.9345 3
51.3749 3
51.1365 3
49.6764 3
49.7716 3
48.438 3
48.4079 3
46.747 3
45.9412 3
42.8234 3
41.3809 3
39.9465 3
40.3612 3
39.1314 3
39.3186 3
37.941 3
37.2048 3
35.0168 3
34.4729 3
32.7519 3
32.5496 3
31.3239 3
31.6005 3
30.2058 3
30.0893 3
28.7005 3
28.5194 3
27.437 3
27.8808 3
27.1882 3
27.5879 3
26.6812 3
27.0883 3
26.4503 3
27.4526 3
27.6029 3
28.8814 3
28.5563 3
28.9545 3
28.1064 3
28.7982 3
28.6483 3
30.0571 3
30.0331 3
31.2102 3
30.7645 3
31.4598 3
30.8033 3
31.7605 3
31.3779 3
32.6959 3
32.8211 3
34.182 3
33.6478 3
34.55 3
34.122 3
35.1638 3
34.6704 3
35.6899 3
35.309 3
36.4973 3
36.0939 3
37.1662 3
36.3492 3
36.8604 3
36.1569 3
36.9609 3
36.2671 3
37.3123 3
36.9242 3
38.0377 3
37.5906 3
38.4502 3
37.5963 3
37.9665 3
36.6421 3
36.9119 3
35.8409 3
36.3272 3
35.4567 3
36.0357 3
34.934 3
35.2043 3
33.805 3
33.8869 3
32.6171 3
32.959 3
32.148 3
33.2257 3
33.0805 3
34.2878 3
33.7852 3
34.4963 3
33.2876 3
33.5447 3
32.2673 3
32.4562 3
31.0187 3
30.995 3
29.4106 3
29.11 3
26.9516 3
26.1454 3
23.7265 3
22.8147 3
20.256 3
19.2805 3
16.8481 3
16.1507 3
14.0482 3
13.9873 3
12.3449 3
12.0905 3
10.1063 3
9.6734 3
7.66684 3
7.51537 3
5.68825 3
5.59736 3
4.07907 3
4.37644 3
3.03341 3
3.23459 3
1.74784 3
1.98755 3
0.578003 3
1.04104 3
0.834608 3
0.264076 3
1.39034 3
0.509478 3
0.969386 3
0.047262 3
0.35136 3
0.74844 3
0.834555 3
0.776844 3
0.930489 3
1.90421 3
2.86201 3
5.01074 3
5.09328 3
6.70827 3
6.88325 3
8.83569 3
9.56114 3
12.0065 3
13.0356 3
15.415 3
16.1008 3
17.9593 3
18.0639 3
19.6266 3
19.4887 3
20.9072 3
20.8711 3
22.5511 3
22.5042 3
23.8785 3
23.7105 3
24.9798 3
24.8988 3
26.297 3
26.2173 3
27.5035 3
27.0123 3
27.7641 3
26.9095 3
27.6538 3
27.279 3
28.236 3
27.8038 3
28.7125 3
27.9732 3
28.4729 3
27.5094 3
28.1327 3
27.4607 3
27.9947 3
27.2585 3
27.8505 3
27.0427 3
27.324 3
25.9493 3
25.8847 3
24.9398 3
24.9776 3
23.7596 3
24.2809 3
23.5795 3
24.0118 3
23.0288 3
23.1375 3
21.8882 3
22.0681 3
21.1375 3
21.6976 3
21.1235 3
21.9241 3
21.4096 3
22.0545 3
21.2604 3
21.6246 3
20.5965 3
20.9338 3
20.5878 3
21.8524 3
21.6656 3
22.5994 3
22.0489 3
22.7013 3
22.0602 3
22.5308 3
21.5816 3
22.1701 3
21.4922 3
21.8606 3
20.8875 3
21.1687 3
20.3766 3
21.1671 3
21.1126 3
22.7973 3
23.14 3
24.2178 3
23.6908 3
24.265 3
22.8802 3
22.3973 3
20.423 3
19.6219 3
17.5424 3
16.8306 3
14.6956 3
13.8792 3
11.1725 3
9.86161 3
7.28459 3
6.42966 3
3.84264 3
0.630394 3
34.329 3
34.188 3
34.188 3
33.8638 3
33.7816 3
33.7483 3
33.8227 3
33.8227 3
33.8798 3
33.7266 3
33.7266 3
33.3077 3
33.3077 3
33.1626 3
32.8866 3
32.8866 3
33.0875 3
33.0085 3
32.3943 3
32.3943 3
32.453 3
32.453 3
33.1236 3
34.1057 3
34.1057 3
33.9097 3
33.7747 3
33.7747 3
33.479 3
33.0324 3
32.422 3
32.422 3
30.9944 3
30.3659 3
29.7262 3
29.4809 3
28.9162 3
28.9162 3
28.8939 3
28.0619 3
27.5687 3
27.277 3
26.7729 3
26.5336 3
25.9634 3
25.9634 3
25.8267 3
25.8765 3
25.1821 3
25.035 3
24.5048 3
24.596 3
24.5343 3
24.7788 3
24.3711 3
24.2214 3
23.5755 3
23.7771 3
23.9341 3
23.9341 3
24.6183 3
24.8529 3
24.4144 3
24.4007 3
24.1468 3
24.7646 3
24.7646 3
25.2906 3
24.8365 3
24.6842 3
24.028 3
24.1387 3
24.454 3
25.3499 3
25.443 3
25.6643 3
25.385 3
25.6024 3
25.4453 3
25.7298 3
25.7348 3
26.1169 3
26.104 3
26.5466 3
26.6103 3
26.987 3
27.0794 3
27.5457 3
27.7666 3
28.481 3
28.9581 3
29.5944 3
29.7632 3
30.2889 3
30.5765 3
30.9583 3
31.0004 3
31.35 3
31.3408 3
31.413 3
31.3899 3
31.785 3
32.0318 3
32.391 3
32.5043 3
32.7189 3
32.8468 3
33.6875 3
34.3741 3
35.0935 3
35.2954 3
35.4135 3
35.0111 3
34.8487 3
35.1591 3
35.7711 3
36.1226 3
36.572 3
36.5749 3
36.4195 3
35.7471 3
35.3357 3
35.3922 3
36.3519 3
37.1222 3
38.0307 3
38.2626 3
38.19 3
37.5454 3
37.0914 3
36.5603 3
36.2168 3
36.2129 3
36.5695 3
36.2488 3
35.9184 3
35.4407 3
35.3548 3
35.0245 3
35.0914 3
34.9079 3
35.1854 3
35.4854 3
36.0725 3
36.0725 3
36.0522 3
35.5432 3
35.5325 3
34.9791 3
34.5899 3
33.7013 3
33.0803 3
32.4436 3
32.9496 3
32.8998 3
32.8112 3
32.1458 3
32.1175 3
31.6317 3
31.4922 3
30.9535 3
30.8696 3
30.5324 3
31.2737 3
31.362 3
31.4026 3
30.6231 3
30.3027 3
29.8097 3
30.0008 3
30.1648 3
30.9485 3
31.4431 3
32.0651 3
32.0529 3
32.379 3
32.5364 3
33.0362 3
33.5613 3
34.4475 3
34.7666 3
35.1555 3
35.3625 3
36.3274 3
36.81 3
37.1035 3
37.0397 3
37.3754 3
37.4867 3
37.7063 3
37.6776 3
37.8021 3
37.6629 3
38.0803 3
38.6494 3
39.2829 3
39.4486 3
39.5253 3
39.0007 3
38.4169 3
37.4101 3
36.7162 3
35.9683 3
35.643 3
35.7117 3
36.0877 3
35.9332 3
35.5295 3
34.7911 3
34.2386 3
33.5839 3
33.0196 3
32.0452 3
31.0625 3
29.8872 3
29.0816 3
28.4666 3
27.8385 3
26.6025 3
25.2839 3
23.6638 3
22.2185 3
20.5058 3
18.9898 3
17.2825 3
15.8201 3
14.2334 3
12.758 3
11.1224 3
9.80449 3
8.409 3
7.63351 3
6.85141 3
6.45411 3
5.5132 3
5.00036 3
3.90665 3
3.31921 3
2.12454 3
1.67752 3
0.621141 3
0.74067 3
0.05798 3
0.918346 3
0.343572 3
1.05721 3
0.393919 3
0.287157 3
0.496122 3
0.443903 3
0.781033 3
0.688562 3
0.676835 3
0.609458 3
0.555865 3
0.473985 3
0.416234 3
0.36638 3
0.184401 3
0.005678 3
0.047344 3
0.077565 3
0.250636 3
62.7426 3
63.3079 3
63.5286 3
63.0479 3
62.9773 3
63.216 3
63.9304 3
63.8328 3
63.6058 3
63.0316 3
63.0966 3
63.9949 3
65.3175 3
66.2309 3
66.7798 3
66.0927 3
65.1192 3
63.6252 3
63.1241 3
63.3791 3
64.3096 3
64.4813 3
64.2179 3
63.1274 3
62.0206 3
61.0182 3
61.3699 3
62.1171 3
62.7336 3
62.4502 3
61.7174 3
60.0626 3
57.6951 3
55.4604 3
54.8287 3
55.1818 3
55.5896 3
54.9508 3
54.2099 3
53.2597 3
52.7876 3
52.3098 3
51.5314 3
50.4595 3
49.967 3
49.36 3
48.6277 3
47.3353 3
46.3644 3
45.8054 3
45.9269 3
45.7742 3
45.614 3
45.0581 3
43.6713 3
41.3897 3
39.8569 3
39.6892 3
40.2645 3
40.9422 3
41.6298 3
42.1552 3
42.345 3
42.1496 3
40.967 3
39.6953 3
39.3467 3
39.7034 3
39.8989 3
40.1385 3
40.3216 3
40.6584 3
41.242 3
41.2705 3
40.1517 3
38.6025 3
36.95 3
35.5643 3
34.3038 3
33.7316 3
33.9157 3
33.9624 3
33.0896 3
31.6236 3
30.3069 3
29.2612 3
27.8786 3
26.2251 3
24.8478 3
24.2647 3
24.4644 3
25.4337 3
26.525 3
27.4628 3
27.8842 3
27.9854 3
28.0567 3
28.477 3
28.605 3
28.3377 3
27.5976 3
26.8879 3
27.2381 3
28.7253 3
30.1335 3
30.9558 3
31.4477 3
31.6314 3
31.5016 3
32.1911 3
33.9434 3
36.1303 3
37.8038 3
38.7344 3
38.7733 3
38.2975 3
37.4524 3
37.303 3
38.2908 3
39.6701 3
41.0393 3
42.4265 3
43.0528 3
42.7338 3
42.2033 3
42.5675 3
43.74 3
45.1878 3
46.3473 3
46.9416 3
47.79 3
48.5167 3
48.9109 3
49.0079 3
49.4891 3
51.077 3
53.0282 3
54.3773 3
55.3988 3
55.8668 3
56.2644 3
56.4282 3
56.6117 3
56.846 3
58.0755 3
59.198 3
59.6939 3
59.0647 3
58.3516 3
58.0064 3
58.7497 3
58.8183 3
58.9364 3
58.6509 3
58.0861 3
57.2996 3
56.6001 3
56.0441 3
56.7082 3
56.5617 3
55.9406 3
54.7207 3
52.9082 3
50.4289 3
49.2191 3
48.6308 3
48.0921 3
48.4636 3
49.3881 3
49.1431 3
48.2398 3
46.593 3
44.5942 3
41.9859 3
39.8985 3
39.0921 3
39.2159 3
39.1768 3
39.0555 3
38.3861 3
37.3087 3
35.7728 3
34.101 3
32.1103 3
30.7474 3
29.8581 3
29.354 3
29.0524 3
28.8911 3
28.696 3
28.4402 3
27.6779 3
25.7326 3
23.0286 3
20.0027 3
16.9667 3
14.8471 3
13.5948 3
12.8603 3
12.8752 3
12.9816 3
12.8168 3
12.0517 3
10.7403 3
9.1646 3
7.69071 3
6.7897 3
6.38317 3
6.23186 3
6.27501 3
6.36345 3
6.389 3
6.21735 3
5.95581 3
5.70876 3
5.57053 3
5.42915 3
5.16552 3
4.67758 3
4.17633 3
3.93172 3
3.99354 3
4.15899 3
4.16938 3
4.20418 3
4.14756 3
3.86284 3
3.39324 3
2.82216 3
2.35751 3
2.01569 3
1.74112 3
1.57897 3
1.40007 3
1.15001 3
0.888236 3
0.747441 3
0.636399 3
0.588537 3
0.65129 3
0.823417 3
0.845262 3
0.747601 3
0.747601 3
0.377106 3
0.129841 3
0.088144 3
0.11237 3
0.150102 3
0.309612 3
0.567981 3
0.711099 3
0.769311 3
0.794716 3
0.82385 3
0.599418 3
0.31378 3
0.04715 3
81.3085 3
82.1633 3
82.0193 3
83.1204 3
82.632 3
83.5444 3
83.4069 3
84.7491 3
84.3394 3
84.6564 3
83.0262 3
83.3593 3
82.516 3
82.6149 3
81.6177 3
82.27 3
81.0251 3
80.8359 3
79.5775 3
79.5274 3
77.244 3
75.2959 3
72.081 3
70.6815 3
68.4639 3
68.3318 3
66.7695 3
66.1214 3
63.4962 3
61.7634 3
58.3148 3
55.7118 3
52.099 3
50.298 3
47.2895 3
45.68 3
42.6912 3
40.6182 3
37.9954 3
37.0274 3
34.9704 3
34.4477 3
32.2087 3
30.7456 3
28.8036 3
28.1947 3
26.7334 3
26.1895 3
24.9477 3
24.6951 3
23.4961 3
23.6878 3
22.8138 3
23.8247 3
23.4252 3
24.5605 3
24.3282 3
24.3143 3
23.2222 3
23.3505 3
22.1153 3
24.1583 3
25.6284 3
28.232 3
28.7077 3
30.0904 3
30.6581 3
34.3215 3
38.0424 3
44.2891 3
48.1233 3
52.3066 3
54.4773 3
57.4097 3
58.6167 3
61.19 3
62.4488 3
65.3895 3
66.6787 3
69.1054 3
69.2895 3
70.0793 3
68.4422 3
67.9376 3
66.5176 3
67.1329 3
66.2385 3
66.286 3
64.3021 3
63.8129 3
62.4491 3
62.3557 3
60.1223 3
59.2997 3
57.8032 3
58.3 3
58.0115 3
59.1203 3
58.3094 3
58.2569 3
56.5409 3
56.5257 3
55.3021 3
55.5861 3
54.5982 3
54.4937 3
52.2042 3
50.8671 3
48.1033 3
46.4978 3
44.703 3
44.2589 3
43.1916 3
43.1863 3
42.0114 3
41.3866 3
40.4144 3
40.8604 3
40.6637 3
40.7736 3
39.7661 3
40.043 3
39.7186 3
40.4406 3
39.7625 3
40.3393 3
40.3532 3
41.2077 3
41.0104 3
42.1692 3
42.1349 3
42.8651 3
41.9872 3
42.379 3
42.0919 3
43.0186 3
42.6737 3
43.572 3
42.7935 3
43.4352 3
42.5914 3
42.828 3
41.6984 3
42.5311 3
41.8539 3
43.0432 3
42.6883 3
43.9365 3
43.9118 3
44.9462 3
44.35 3
45.1399 3
44.4141 3
45.8195 3
45.9042 3
47.6125 3
47.7023 3
48.6287 3
47.0443 3
47.1368 3
46.5376 3
48.6058 3
49.6482 3
51.3837 3
50.2232 3
49.7477 3
47.8972 3
48.7633 3
49.0801 3
51.1779 3
51.3839 3
52.1594 3
51.0477 3
51.9742 3
51.8874 3
52.9521 3
52.9749 3
54.6802 3
54.6689 3
56.0042 3
56.2675 3
57.8527 3
57.5375 3
58.1923 3
56.8713 3
57.1436 3
55.8909 3
55.6589 3
54.2747 3
54.3901 3
52.8415 3
51.9558 3
50.4579 3
51.2666 3
51.5286 3
53.0215 3
52.5981 3
53.4031 3
52.5305 3
52.8461 3
52.1048 3
53.2157 3
52.7383 3
53.571 3
53.1467 3
53.8557 3
52.9639 3
53.7323 3
54.0231 3
55.6916 3
56.4244 3
59.3057 3
60.1727 3
61.3249 3
60.4261 3
60.1005 3
58.1246 3
57.4628 3
56.8488 3
57.8431 3
57.3718 3
58.5097 3
58.301 3
58.5074 3
57.335 3
58.1399 3
57.7435 3
58.0991 3
56.8826 3
57.7322 3
57.6775 3
59.2612 3
59.7396 3
60.5536 3
58.7991 3
57.4782 3
54.5425 3
53.3375 3
52.1839 3
53.6985 3
53.7918 3
54.5069 3
53.2658 3
52.7307 3
49.5479 3
47.6232 3
45.5573 3
46.4991 3
46.2253 3
46.8067 3
45.3002 3
44.376 3
41.0281 3
38.8402 3
35.4338 3
34.062 3
31.6194 3
30.9862 3
29.207 3
28.8863 3
26.7834 3
25.2414 3
22.2884 3
20.7725 3
18.469 3
18.0986 3
16.9519 3
17.2036 3
16.04 3
16.1563 3
15.4656 3
15.9245 3
14.727 3
14.1278 3
12.4974 3
12.02 3
10.9328 3
11.4648 3
11.94 3
13.1676 3
13.1641 3
13.5778 3
13.1294 3
13.1153 3
12.975 3
13.8558 3
14.5134 3
15.3211 3
14.9594 3
14.4386 3
13.4791 3
13.3309 3
13.3909 3
14.0044 3
13.8728 3
13.7309 3
13.1081 3
12.4569 3
11.6333 3
11.1894 3
11.0186 3
11.1707 3
11.0374 3
10.9588 3
10.5263 3
9.97798 3
9.38313 3
9.12263 3
8.66424 3
8.18869 3
7.76424 3
7.4776 3
7.05097 3
6.65774 3
6.55792 3
6.52536 3
6.57277 3
6.61506 3
6.53571 3
6.38507 3
6.34196 3
6.26905 3
6.21647 3
6.19689 3
6.35061 3
6.33725 3
6.30159 3
6.25116 3
6.28436 3
6.34408 3
6.51034 3
6.62622 3
6.84708 3
7.18248 3
7.35627 3
7.29071 3
7.39156 3
7.43249 3
7.39256 3
7.22196 3
7.09158 3
6.93084 3
6.70266 3
6.40445 3
6.2805 3
6.40038 3
6.71285 3
7.01555 3
7.18969 3
7.21909 3
7.31025 3
7.56738 3
7.80784 3
7.85983 3
8.13222 3
8.53505 3
8.94218 3
9.04356 3
8.92842 3
8.76707 3
8.83953 3
8.97649 3
9.09986 3
9.05812 3
8.91029 3
8.68809 3
8.54872 3
8.40926 3
8.41274 3
8.53493 3
8.76715 3
8.85843 3
8.781 3
8.54545 3
8.31084 3
8.10124 3
7.98061 3
7.88923 3
7.92654 3
7.99223 3
8.03131 3
7.97427 3
7.88919 3
7.66856 3
7.41993 3
7.21529 3
7.0717 3
6.90558 3
6.74516 3
6.50005 3
6.27769 3
5.98563 3
5.72678 3
5.45967 3
5.16659 3
4.68183 3
4.2258 3
3.79922 3
3.41474 3
2.90539 3
2.32192 3
1.70439 3
1.13097 3
0.584513 3
0.076835 3
0.544496 3
1.06306 3
0.373683 3
0.261997 3
0.227316 3
0.065796 3
0.229534 3
1.68902 3
1.47572 3
2.78672 3
2.35214 3
2.89551 3
1.76831 3
2.15608 3
1.22573 3
1.4109 3
0.384817 3
0.457867 3
0.780051 3
1.17393 3
1.515 3
1.87978 3
2.48924 3
3.06259 3
3.49899 3
3.63785 3
3.52801 3
3.87015 3
3.32036 3
4.07748 3
3.94802 3
5.42966 3
5.37076 3
6.80515 3
6.49068 3
7.50293 3
6.97204 3
7.87061 3
7.13556 3
8.02495 3
7.56978 3
8.57714 3
8.16623 3
9.17464 3
8.77198 3
9.94406 3
10.0192 3
11.7804 3
11.7847 3
13.1713 3
12.8102 3
13.777 3
13.229 3
14.0529 3
13.2974 3
14.0501 3
13.3877 3
14.0848 3
13.4051 3
14.6052 3
14.4649 3
15.5904 3
15.1125 3
16.2973 3
15.6523 3
16.5526 3
16.0391 3
17.0415 3
16.7013 3
17.9858 3
17.8783 3
19.0875 3
18.5908 3
19.3683 3
18.4081 3
19.4832 3
19.0812 3
20.1628 3
20.0189 3
21.5301 3
21.4425 3
22.7115 3
22.0382 3
22.7586 3
21.6858 3
21.7852 3
20.4634 3
21.2074 3
21.2283 3
22.5719 3
22.2973 3
23.229 3
22.5015 3
22.9638 3
21.9425 3
22.0017 3
20.718 3
21.4051 3
20.6007 3
21.4289 3
21.0785 3
22.2511 3
21.9058 3
22.9292 3
22.5454 3
24.0333 3
23.6087 3
24.5288 3
23.6616 3
24.3696 3
23.5676 3
24.1407 3
23.0835 3
23.7323 3
22.9959 3
23.7905 3
23.4663 3
24.402 3
23.6022 3
24.2859 3
23.464 3
24.2966 3
23.6528 3
24.6577 3
24.3458 3
25.5401 3
25.2724 3
26.5651 3
26.5298 3
28.0309 3
28.046 3
29.6203 3
29.1492 3
28.472 3
26.0195 3
23.3519 3
12.0022 3
6.30294 3
57.4098 3
56.1173 3
56.2216 3
54.7695 3
55.1695 3
54.0497 3
54.7546 3
53.9137 3
54.4664 3
53.3892 3
53.9204 3
52.4557 3
52.2839 3
50.5291 3
50.8179 3
50.2984 3
51.7761 3
51.3217 3
52.0339 3
50.7125 3
50.6153 3
48.6382 3
48.5974 3
47.0723 3
47.1315 3
45.5599 3
45.7176 3
43.8748 3
43.4092 3
41.1835 3
40.7025 3
38.6099 3
38.1833 3
36.1591 3
35.9527 3
34.1913 3
34.2079 3
32.5727 3
32.6416 3
31.0918 3
31.5026 3
30.4572 3
31.2367 3
30.3676 3
31.127 3
30.0604 3
30.757 3
29.7466 3
30.5034 3
30.1441 3
31.829 3
31.7372 3
33.3517 3
33.4997 3
33.4997 3
35.4852 3
37.3612 3
37.7692 3
39.9024 3
40.2573 3
42.3406 3
42.4659 3
44.0986 3
43.7158 3
45.2063 3
45.3079 3
46.935 3
46.7004 3
47.7113 3
46.4841 3
46.7572 3
45.4514 3
46.6451 3
46.7535 3
48.4836 3
48.3966 3
49.9082 3
49.5717 3
50.852 3
50.3299 3
51.2671 3
50.6051 3
52.1856 3
52.2992 3
53.9828 3
53.701 3
54.7784 3
54.5279 3
55.7375 3
55.0678 3
55.6604 3
54.3472 3
54.7968 3
53.6016 3
54.0625 3
53.268 3
53.9539 3
52.9956 3
53.3602 3
52.0916 3
52.4648 3
52.0647 3
53.0296 3
51.8094 3
51.9867 3
50.0965 3
49.5711 3
48.1841 3
48.49 3
46.9453 3
46.9057 3
45.1647 3
45.3019 3
44.3311 3
44.9149 3
43.8863 3
44.3619 3
43.2377 3
43.3357 3
42.32 3
42.9623 3
42.2533 3
43.1217 3
42.4522 3
42.9941 3
41.7245 3
42.2273 3
40.895 3
40.7382 3
39.0276 3
39.2184 3
38.1086 3
38.2571 3
36.3896 3
36.2361 3
34.6732 3
34.6756 3
33.209 3
33.5383 3
32.4239 3
32.6254 3
31.1726 3
31.2588 3
29.9056 3
29.9074 3
28.3794 3
28.7282 3
27.5693 3
27.6767 3
26.0955 3
26.1931 3
24.8447 3
24.9975 3
23.4583 3
23.37 3
21.8067 3
21.7477 3
19.8618 3
19.2356 3
17.1909 3
16.9549 3
15.3977 3
15.445 3
14.2532 3
14.7559 3
13.5121 3
13.5958 3
12.1329 3
12.0783 3
10.465 3
10.7333 3
9.90259 3
10.7433 3
9.70086 3
9.99351 3
8.82253 3
9.29077 3
8.32298 3
9.09878 3
8.42206 3
9.06181 3
7.90317 3
8.21304 3
6.96825 3
7.41922 3
6.57092 3
7.52026 3
6.8362 3
7.42501 3
6.44811 3
6.96486 3
5.95519 3
6.54156 3
5.76448 3
6.50685 3
5.62952 3
6.16797 3
5.14137 3
5.66804 3
4.71487 3
5.38567 3
4.55549 3
5.15909 3
4.15786 3
4.58076 3
3.53886 3
4.02112 3
3.13661 3
3.77901 3
2.94173 3
3.63036 3
2.89487 3
3.63731 3
2.82478 3
3.49013 3
2.55781 3
3.01112 3
1.89495 3
2.37913 3
1.4259 3
2.04824 3
1.22502 3
1.89051 3
0.960506 3
1.50052 3
0.410045 3
0.897728 3
0.600647 3
0.485704 3
0.703906 3
0.477145 3
3.46915 3
5.0776 3
4.86783 3
6.7354 3
7.07422 3
9.19773 3
9.52246 3
11.1805 3
11.1317 3
12.4701 3
12.0548 3
12.8875 3
12.1277 3
13.0843 3
12.6887 3
13.5287 3
12.7363 3
13.7872 3
13.2672 3
14.6334 3
14.6092 3
16.2839 3
16.1521 3
17.4642 3
17.1889 3
18.3879 3
18.1603 3
19.8006 3
19.807 3
21.5293 3
21.7151 3
23.1765 3
22.8956 3
24.2311 3
23.8484 3
25.0526 3
24.4083 3
25.4132 3
25.1033 3
26.3827 3
25.7443 3
26.4675 3
25.5175 3
26.1866 3
25.7364 3
26.8917 3
26.3299 3
27.5395 3
27.0555 3
28.0927 3
27.4263 3
28.3808 3
27.8515 3
28.9999 3
28.439 3
29.4869 3
28.9176 3
29.8887 3
29.1276 3
30.0901 3
29.4663 3
30.4974 3
29.995 3
31.1774 3
30.6697 3
31.7751 3
31.2753 3
32.3201 3
31.7984 3
32.9306 3
32.3168 3
33.3008 3
32.6128 3
33.5296 3
32.8182 3
33.7312 3
32.9787 3
33.7145 3
32.839 3
33.701 3
33.3007 3
34.5179 3
34.0122 3
34.962 3
34.2691 3
35.0819 3
34.4208 3
35.2311 3
34.4789 3
35.261 3
34.4038 3
34.9845 3
33.753 3
32.8184 3
31.0525 3
32.4624 3
30.9434 3
30.3688 3
28.0288 3
24.7762 3
19.6532 3
11.7005 3
2.04344 3
0.866347 3
1.73828 3
1.73421 3
0.898405 3
2.57657 3
4.17227 3
6.14074 3
8.11203 3
10.6482 3
13.3818 3
16.7461 3
19.5375 3
22.193 3
24.0176 3
25.9395 3
27.4135 3
29.0751 3
30.456 3
31.9251 3
32.9463 3
33.997 3
35.0747 3
36.4584 3
37.8352 3
39.0502 3
39.8546 3
40.053 3
39.7825 3
39.4588 3
39.3902 3
39.706 3
40.0321 3
40.318 3
40.4102 3
40.545 3
40.3059 3
39.6497 3
39.3194 3
39.0651 3
38.8356 3
38.7821 3
38.8111 3
38.9046 3
38.6818 3
38.4464 3
38.1791 3
38.3163 3
38.5318 3
38.9983 3
39.1199 3
38.939 3
38.3974 3
38.0348 3
37.8174 3
37.7936 3
37.7345 3
37.4594 3
36.9402 3
36.3902 3
35.9538 3
35.908 3
35.8162 3
35.611 3
35.3444 3
35.3754 3
35.323 3
35.7137 3
35.5791 3
35.7988 3
35.9392 3
36.1927 3
36.0915 3
36.0117 3
35.7826 3
36.3611 3
36.4071 3
36.6594 3
36.2156 3
36.1435 3
35.7787 3
35.9384 3
35.7185 3
35.7334 3
35.2708 3
35.1186 3
34.6398 3
34.557 3
34.4997 3
34.9381 3
35.0279 3
35.0881 3
34.6527 3
34.4406 3
34.0481 3
34.0273 3
33.5946 3
33.4552 3
33.3181 3
33.7279 3
33.595 3
33.3922 3
32.8925 3
32.8801 3
32.8557 3
33.0708 3
33.2712 3
33.797 3
34.2294 3
34.706 3
34.9573 3
35.136 3
35.1371 3
35.5922 3
35.852 3
36.0119 3
35.9146 3
36.4436 3
37.1741 3
38.1336 3
38.6087 3
38.9124 3
38.7788 3
39.0913 3
39.941 3
40.9356 3
41.5102 3
41.9577 3
42.1412 3
43.0424 3
43.5211 3
43.9232 3
44.2353 3
45.3805 3
46.5455 3
47.8893 3
48.5951 3
49.0214 3
48.9308 3
49.2707 3
49.4861 3
50.3066 3
50.9015 3
51.7982 3
52.0651 3
52.4423 3
52.1336 3
52.3036 3
52.0526 3
51.9289 3
51.6013 3
52.0573 3
52.0639 3
52.0964 3
51.3643 3
50.6999 3
49.4241 3
48.5754 3
48.0056 3
48.092 3
47.821 3
47.8237 3
47.2914 3
46.7671 3
45.7522 3
45.1158 3
44.5251 3
44.777 3
45.1216 3
45.759 3
45.6828 3
44.9682 3
43.6554 3
42.8213 3
41.6407 3
40.7084 3
39.3153 3
38.3105 3
36.8804 3
35.9036 3
34.7533 3
34.3516 3
33.7401 3
33.3735 3
32.7005 3
32.3063 3
31.5146 3
30.6818 3
29.4723 3
28.9536 3
27.9877 3
26.865 3
24.9306 3
22.9908 3
20.8277 3
19.2508 3
18.0124 3
17.4827 3
16.5016 3
15.6781 3
14.2082 3
13.0042 3
11.3653 3
10.3457 3
9.42026 3
8.99822 3
8.14199 3
7.61737 3
6.43507 3
5.62024 3
4.50709 3
3.57831 3
2.60291 3
1.78438 3
1.05361 3
0.540191 3
0.274768 3
0.034203 3
0.065712 3
0.233895 3
1.68713 3
3.26552 3
5.04308 3
6.72002 3
7.87226 3
8.63129 3
9.00155 3
9.28128 3
9.63531 3
10.178 3
10.9607 3
12.2036 3
13.7368 3
15.299 3
16.6842 3
18.0414 3
19.3787 3
20.6464 3
21.7724 3
22.5935 3
23.5945 3
24.7769 3
26.4849 3
27.9631 3
29.6649 3
31.1668 3
32.5571 3
33.3945 3
34.5677 3
35.8032 3
37.4025 3
38.5413 3
39.5022 3
39.7229 3
40.1011 3
40.4423 3
41.0354 3
41.2876 3
41.9523 3
42.2008 3
42.3263 3
41.8744 3
41.827 3
41.6128 3
41.7475 3
41.9561 3
42.4086 3
42.712 3
43.2144 3
43.3581 3
43.2332 3
42.7346 3
42.652 3
42.5421 3
42.7261 3
42.6142 3
42.3881 3
41.4235 3
40.6322 3
40.3147 3
41.0446 3
41.5605 3
41.63 3
40.8589 3
40.4427 3
40.5404 3
41.4185 3
42.1493 3
42.8686 3
43.541 3
44.5067 3
44.7573 3
44.7202 3
44.3141 3
44.166 3
44.1513 3
44.6631 3
44.9601 3
45.4272 3
45.5615 3
45.9595 3
46.2962 3
47.3035 3
48.1262 3
48.802 3
48.8121 3
49.0516 3
49.4476 3
50.2351 3
50.2249 3
49.8229 3
49.0741 3
48.9658 3
48.9809 3
49.1925 3
48.5571 3
48.1697 3
47.8708 3
48.2192 3
47.8794 3
47.5197 3
46.9004 3
46.9079 3
46.6066 3
46.3748 3
45.7215 3
45.606 3
45.0833 3
44.9569 3
44.7825 3
45.2343 3
45.5224 3
45.5934 3
45.04 3
45.3612 3
45.429 3
44.4813 3
39.6064 3
35.2986 3
31.8008 3
30.1172 3
29.0322 3
28.464 3
26.5165 3
25.0278 3
23.6352 3
24.7627 3
27.1161 3
32.1218 3
37.6258 3
43.4839 3
48.2932 3
52.3039 3
54.1981 3
54.4502 3
53.6927 3
52.9725 3
51.7862 3
51.2671 3
51.0307 3
50.5564 3
50.0743 3
49.8079 3
49.2924 3
49.5374 3
50.0558 3
50.5229 3
50.6127 3
50.4918 3
49.7261 3
49.1843 3
48.7187 3
49.3907 3
50.1289 3
51.1953 3
52.0717 3
52.818 3
53.4913 3
54.211 3
54.3975 3
54.5607 3
54.6348 3
54.7321 3
54.8823 3
55.3396 3
55.3946 3
54.9152 3
53.8395 3
52.9238 3
51.6262 3
50.2825 3
48.4542 3
45.6207 3
44.4891 3
43.5326 3
42.6186 3
41.5182 3
39.9492 3
39.1723 3
38.7331 3
38.7532 3
38.47 3
38.1024 3
37.0434 3
36.3758 3
35.9505 3
35.8032 3
35.6686 3
35.4675 3
34.6816 3
33.6676 3
32.6057 3
32.2054 3
32.0757 3
31.3982 3
32.554 3
33.2084 3
32.4845 3
31.5777 3
31.048 3
30.9526 3
30.8489 3
30.8971 3
30.4444 3
29.973 3
29.6553 3
29.7318 3
29.539 3
29.1403 3
29.093 3
29.8051 3
30.5345 3
31.488 3
32.154 3
32.4582 3
32.4412 3
32.3518 3
32.1708 3
31.9062 3
31.3141 3
30.6497 3
29.5001 3
28.3797 3
27.2937 3
26.2632 3
25.1549 3
23.7257 3
22.6974 3
21.3547 3
21.0269 3
21.0339 3
20.207 3
18.9216 3
17.3936 3
16.0977 3
14.4199 3
12.9243 3
11.2525 3
9.996 3
8.76356 3
8.12032 3
7.33586 3
7.03593 3
6.73201 3
6.98993 3
6.93949 3
6.92042 3
6.34114 3
5.76655 3
5.13076 3
4.90343 3
4.70078 3
4.53299 3
4.50541 3
4.78098 3
5.11601 3
5.48242 3
5.705 3
5.73237 3
5.48215 3
5.05128 3
4.62042 3
4.25799 3
4.00536 3
3.80446 3
3.6641 3
3.44572 3
3.4448 3
3.48912 3
3.62953 3
3.73573 3
3.84739 3
3.85901 3
3.83075 3
3.81897 3
3.92234 3
3.99836 3
4.08436 3
4.06264 3
4.11546 3
4.17952 3
4.22007 3
4.10718 3
4.0423 3
3.95493 3
3.98789 3
4.043 3
4.1894 3
4.26071 3
4.30265 3
4.19666 3
4.13426 3
4.09655 3
4.12718 3
4.10598 3
4.12109 3
3.99089 3
3.96531 3
3.9565 3
3.97511 3
3.954 3
3.95213 3
3.8526 3
3.7954 3
3.64556 3
3.5887 3
3.53301 3
3.58069 3
3.74025 3
3.9852 3
4.18038 3
4.27552 3
4.28604 3
4.38752 3
4.67638 3
5.02307 3
5.15633 3
4.98799 3
4.8363 3
4.81388 3
4.92512 3
4.96904 3
4.96482 3
4.92085 3
4.95001 3
5.07492 3
5.18165 3
5.13526 3
5.07146 3
5.06487 3
5.116 3
5.19473 3
5.14301 3
5.12893 3
5.15394 3
5.24746 3
5.2851 3
5.2891 3
5.32787 3
5.48696 3
5.76567 3
6.03207 3
5.92224 3
5.58854 3
5.41154 3
5.64961 3
6.1858 3
6.839 3
7.22996 3
7.40292 3
7.53941 3
7.93341 3
8.75767 3
9.40249 3
10.1297 3
10.8973 3
11.5977 3
11.8589 3
12.1567 3
12.2578 3
12.8366 3
13.63 3
14.8312 3
15.4074 3
15.6848 3
15.476 3
15.3805 3
15.291 3
15.4711 3
15.4803 3
15.3579 3
14.9277 3
14.6465 3
14.2675 3
13.7257 3
12.9378 3
11.8043 3
10.3851 3
8.50106 3
6.36995 3
4.29509 3
2.286 3
0.54824 3
0.505719 3
0.542165 3
0.215829 3
3.2762 3
4.10415 3
6.97111 3
7.86621 3
8.90743 3
10.2521 3
13.2079 3
16.8852 3
21.4119 3
24.021 3
27.5208 3
29.7801 3
33.5137 3
35.5458 3
40.4631 3
42.9143 3
45.8815 3
47.1932 3
49.2604 3
50.2675 3
52.676 3
53.8485 3
56.1431 3
57.1098 3
59.2389 3
59.5153 3
60.1791 3
59.141 3
59.6485 3
59.5941 3
60.9212 3
60.7334 3
61.3827 3
59.9167 3
59.4896 3
57.2721 3
56.2214 3
53.932 3
53.842 3
53.404 3
53.8811 3
52.44 3
52.0977 3
49.983 3
49.337 3
48.0927 3
48.456 3
47.303 3
47.3869 3
45.4457 3
45.0077 3
42.8433 3
42.3014 3
40.8498 3
40.5748 3
38.129 3
37.1159 3
35.0516 3
34.6944 3
33.6416 3
34.0184 3
32.6999 3
33.0218 3
32.0721 3
32.2312 3
31.2248 3
32.2151 3
32.1319 3
33.7312 3
33.5202 3
34.6781 3
34.1997 3
34.938 3
33.9826 3
35.4496 3
36.4578 3
38.8132 3
40.0524 3
42.3675 3
42.6708 3
44.4288 3
45.7495 3
49.5993 3
51.9993 3
55.2721 3
56.2959 3
57.6525 3
57.0607 3
58.0566 3
57.8842 3
58.5963 3
58.0667 3
59.1032 3
58.3751 3
58.8303 3
57.9258 3
58.1543 3
57.4036 3
58.0331 3
56.8228 3
56.8854 3
56.2322 3
57.4775 3
57.2452 3
57.7558 3
57.1195 3
57.8174 3
56.9823 3
57.6374 3
56.4662 3
56.3883 3
55.6861 3
57.0783 3
56.8576 3
57.529 3
56.6505 3
56.9511 3
55.8478 3
56.0537 3
54.5863 3
54.736 3
53.5748 3
54.3671 3
53.9615 3
55.1221 3
54.7501 3
55.483 3
54.3465 3
54.2276 3
52.6239 3
53.0048 3
51.9342 3
52.4374 3
51.6838 3
52.3251 3
51.3107 3
51.3136 3
49.4108 3
49.7389 3
48.9379 3
49.4277 3
48.0819 3
47.9877 3
46.9111 3
47.3887 3
46.3975 3
47.2644 3
47.2065 3
48.6149 3
48.2099 3
48.961 3
47.9184 3
48.6051 3
47.4863 3
48.1922 3
47.232 3
47.5075 3
46.3576 3
46.4957 3
44.7152 3
44.6603 3
43.3522 3
43.8537 3
42.238 3
41.6553 3
39.6264 3
39.2455 3
37.266 3
37.2328 3
35.8982 3
35.9309 3
34.5094 3
34.6077 3
32.7583 3
32.3475 3
30.1862 3
29.6576 3
27.9063 3
27.6188 3
25.4226 3
24.4998 3
22.0465 3
21.3255 3
19.4394 3
19.2523 3
17.4629 3
17.342 3
15.757 3
15.8753 3
13.9772 3
13.3819 3
11.1968 3
11.1477 3
9.94216 3
10.6073 3
9.72377 3
10.2491 3
8.89506 3
9.17814 3
7.7672 3
7.82439 3
6.44803 3
7.06209 3
6.19708 3
6.84485 3
5.68404 3
6.19213 3
5.25728 3
5.93836 3
4.63222 3
4.97379 3
3.87568 3
4.50595 3
3.50205 3
4.31741 3
3.34813 3
3.97814 3
3.10086 3
4.08932 3
3.36069 3
4.14949 3
3.30762 3
4.08632 3
2.93764 3
3.31597 3
2.18213 3
2.8406 3
1.8534 3
2.61649 3
1.83376 3
2.56123 3
1.5638 3
2.27284 3
1.25864 3
1.71937 3
0.461421 3
0.964664 3
0.453229 3
0.477084 3
0.08362 3
