0.00809041 0
0.00809041 0
0.00809041 0
0.00809041 0
0.00809041 0
0.00809041 0
0.00809041 0
0.00809041 0
0.00809041 0
0.00809041 0
0.00809041 0
0.00809041 0
0.00809041 0
0.00809041 0
0.00809041 0
0.00809041 0
0.00809041 0
0.00809041 0
0.00809041 0
0.00809041 0
0.00809041 0
0.00809041 0
0.00809041 0
0.00809041 0
0.00809041 0
0.00809041 0
0.00809041 0
0.00809041 0
0.00809041 0
0.00809041 0
0.00809041 0
0.00809041 0
0.00809041 0
0.00809041 0
0.00809041 0
0.00809041 0
0.00809041 0
0.00809041 0
0.00809041 0
0.00195502 0
0.00450822 0
0.00640893 0
0.00695888 0
0.00733982 0
0.00744885 0
1.57084 0
0.00803937 0
0.00803937 0
0.00803937 0
0.00803937 0
0.00803937 0
0.00803937 0
0.00803937 0
0.00803937 0
0.00803937 0
0.00803937 0
0.00803937 0
0.00803937 0
0.00803937 0
0.00803937 0
0.00803937 0
0.00803937 0
0.00803937 0
0.00803937 0
0.00803937 0
0.00803937 0
0.00803937 0
0.00803937 0
0.00803937 0
0.00803937 0
0.00803937 0
0.00803937 0
0.00803937 0
0.00803937 0
0.00803937 0
0.00803937 0
0.00803937 0
0.00803937 0
0.00803937 0
0.00803937 0
0.00803937 0
0.00803937 0
0.00803937 0
0.00803937 0
0.00803937 0
0.00803937 0
0.00803937 0
0.00803937 0
0.00803937 0
0.00803937 0
0.00803937 0
0.00803937 0
0.00803937 0
0.00803937 0
0.00803937 0
0.00803937 0
0.00803937 0
0.00803937 0
0.00803937 0
0.00803937 0
0.00803937 0
0.00803937 0
0.00803937 0
0.00803937 0
0.00803937 0
0.00803937 0
0.00803937 0
0.00803937 0
0.00803937 0
0.00803937 0
0.00803937 0
0.00803937 0
0.00803937 0
0.00803937 0
0.00803937 0
0.00803937 0
0.00803937 0
0.00803937 0
0.00803937 0
0.00803937 0
0.00803937 0
0.00803937 0
0.00803937 0
0.00803937 0
0.00803937 0
0.00803937 0
0.00803937 0
0.00803937 0
0.00803937 0
0.00803937 0
0.00803937 0
0.00803937 0
0.00803937 0
0.00803937 0
0.00803937 0
0.00803937 0
0.00803937 0
0.00803937 0
0.00803937 0
0.00803937 0
0.00803937 0
0.00803937 0
0.00803937 0
0.00803937 0
0.00803937 0
0.00803937 0
0.00803937 0
0.00803937 0
0.00803937 0
0.00803937 0
0.00803937 0
0.00803937 0
0.00803937 0
0.00803937 0
0.00803937 0
0.00803937 0
0.00803937 0
0.00400153 0
0.00358057 0
0.00282315 0
5.38233e-05 0
0.000125257 0
0.000167113 0
0.000229223 0
0.000286781 0
0.000352452 0
0.000433249 0
0.000614013 0
0.00111659 0
0.0017425 0
0.00206914 0
0.00228671 0
0.0037109 0
0.00629571 0
0.00706805 0
0.0074524 0
0.00769875 0
0.00780692 0
0.00784491 0
0.00787772 0
0.00788933 0
0.00789587 0
1.5708 0
1.5708 0
1.5708 0
1.5708 0
1.5708 0
1.5708 0
1.5708 0
1.5708 0
1.5708 0
1.5708 0
1.5708 0
1.5708 0
1.5708 0
1.5708 0
1.5708 0
1.5708 0
1.5708 0
1.5708 0
1.5708 0
1.5708 0
1.5708 0
1.5708 0
1.5708 0
1.5708 0
1.5708 0
1.5708 0
1.5708 0
1.5708 0
1.5708 0
1.5708 0
1.5708 0
1.5708 0
1.5708 0
1.5708 0
1.5708 0
1.5708 0
1.5708 0
1.5708 0
1.5708 0
1.5708 0
1.5708 0
1.5708 0
1.5708 0
1.5708 0
1.5708 0
1.5708 0
1.5708 0
1.5708 0
1.5708 0
1.5708 0
1.5708 0
1.5708 0
1.5708 0
1.5708 0
1.5708 0
1.5708 0
1.5708 0
1.5708 0
1.5708 0
1.5708 0
1.5708 0
1.5708 0
1.5708 0
1.5708 0
1.5708 0
1.5708 0
1.5708 0
1.5708 0
1.5708 0
1.5708 0
1.5708 0
1.5708 0
1.5708 0
1.5708 0
1.5708 0
1.5708 0
1.5708 0
1.5708 0
1.5708 0
1.5708 0
1.5708 0
1.5708 0
1.5708 0
1.5708 0
1.5708 0
1.5708 0
1.5708 0
1.5708 0
1.5708 0
1.5708 0
1.5708 0
1.5708 0
1.5708 0
1.5708 0
1.5708 0
1.5708 0
1.5708 0
1.5708 0
1.5708 0
0.0523347 0
0.197384 0
0.384786 0
0.595764 0
0.0131966 0
0.0131966 0
0.0131966 0
0.0131966 0
0.0131966 0
0.0131966 0
0.0131966 0
0.0131966 0
0.0131966 0
0.0131966 0
0.0131966 0
0.0131966 0
0.0131966 0
0.0131966 0
0.0131966 0
0.0131966 0
0.0131966 0
0.0131966 0
0.0131966 0
0.0131966 0
0.0131966 0
0.0131966 0
0.0131966 0
0.0131966 0
0.0131966 0
0.0131966 0
0.0131966 0
0.0131966 0
0.0131966 0
0.0131966 0
0.0131966 0
0.0131966 0
0.0131966 0
0.0131966 0
0.0131966 0
0.0131966 0
0.0131966 0
0.0131966 0
0.0131966 0
0.0131966 0
0.0131966 0
0.0131966 0
0.0131966 0
0.0131966 0
0.0131966 0
0.0131966 0
0.0131966 0
0.0131966 0
0.0131966 0
0.0131966 0
0.0131966 0
0.0131966 0
0.0131966 0
0.0131966 0
0.0131966 0
0.0131966 0
0.0131966 0
0.0131966 0
0.0131966 0
0.0131966 0
0.0131966 0
0.0131966 0
0.0131966 0
0.0131966 0
0.0131966 0
0.0131966 0
0.0131966 0
0.0131966 0
0.0131966 0
0.0131966 0
0.0131966 0
0.0131966 0
0.0131966 0
0.0131966 0
0.0131966 0
0.0131966 0
0.0131966 0
0.0131966 0
0.0131966 0
0.0131966 0
0.0131966 0
0.0131966 0
0.0131966 0
0.0131966 0
0.0131966 0
0.0131966 0
0.0131966 0
0.0131966 0
0.0131966 0
0.0131966 0
0.0131966 0
0.0131966 0
0.0131966 0
0.0131966 0
0.0131966 0
0.0131966 0
0.0131966 0
0.0131966 0
0.0131966 0
0.0131966 0
0.0131966 0
0.0131966 0
0.0131966 0
0.0131966 0
0.0131966 0
0.0131966 0
0.0131966 0
0.0131966 0
0.0131966 0
0.0131966 0
0.0131966 0
0.0131966 0
0.0131966 0
0.0131966 0
0.0131966 0
0.0131966 0
0.0131966 0
0.0131966 0
0.0131966 0
0.0131966 0
0.0131966 0
0.0131966 0
0.0131966 0
0.0131966 0
0.0131966 0
0.0131966 0
0.0131966 0
0.0131966 0
0.0131966 0
0.0131966 0
0.0131966 0
0.0131966 0
0.0131966 0
0.0131966 0
0.0131966 0
0.0131966 0
0.0131966 0
0.0131966 0
0.0131966 0
0.0131966 0
0.0131966 0
0.0131966 0
0.0131966 0
0.0131966 0
0.0131966 0
0.0131966 0
0.0131966 0
0.0131966 0
0.0131966 0
0.0131966 0
0.0131966 0
0.0131966 0
0.0131966 0
0.0131966 0
0.0131966 0
0.0131966 0
0.0131966 0
0.0131966 0
0.0131966 0
0.0131966 0
0.0131966 0
0.0131966 0
0.0131966 0
0.0131966 0
0.0131966 0
0.0131966 0
0.0131966 0
0.0131966 0
0.0131966 0
0.0131966 0
0.0131966 0
0.0131966 0
0.0131966 0
0.0131966 0
0.0131966 0
0.0131966 0
0.0131966 0
0.0131966 0
0.0131966 0
0.0131966 0
0.0131966 0
0.0131966 0
0.0131966 0
0.0131966 0
0.0131966 0
0.0131966 0
0.0131966 0
0.0131966 0
0.0131966 0
0.0131966 0
0.0131966 0
0.0131966 0
0.0131966 0
0.0131966 0
0.0131966 0
0.0131966 0
0.0131966 0
0.0131966 0
0.0131966 0
0.0131966 0
0.0131966 0
0.0131966 0
0.0131966 0
0.0131966 0
0.0131966 0
0.0131966 0
0.0131966 0
0.0131966 0
0.0131966 0
0.0131966 0
0.0131966 0
0.0131966 0
0.0131966 0
0.0131966 0
0.0131966 0
0.0131966 0
0.0131966 0
0.0131966 0
0.0131966 0
0.0131966 0
0.0131966 0
0.0131966 0
0.0131966 0
0.0131966 0
0.0131966 0
0.0131966 0
0.0131966 0
0.0131966 0
0.0131966 0
0.0131966 0
0.0131966 0
0.0131966 0
0.0131966 0
0.0131966 0
0.0131966 0
0.0131966 0
0.0131966 0
0.0131966 0
0.0131966 0
0.0131966 0
0.0131966 0
0.0131966 0
0.0131966 0
0.0131966 0
0.0131966 0
0.0131966 0
0.0131966 0
0.0131966 0
0.0131966 0
0.0131966 0
0.0131966 0
0.0131966 0
0.0131966 0
0.0131966 0
0.0131966 0
0.0131966 0
0.0131966 0
0.0131966 0
0.0131966 0
0.0131966 0
0.0131966 0
0.0131966 0
0.0131966 0
0.0131966 0
0.0131966 0
0.0131966 0
0.0131966 0
0.0131966 0
0.0131966 0
0.0131966 0
0.0131966 0
0.0131966 0
0.0131966 0
0.0131966 0
0.0131966 0
0.0131966 0
0.0131966 0
0.0131966 0
0.0131966 0
0.0131966 0
0.0131966 0
0.0348491 0
0.0230787 0
0.0177205 0
0.0162785 0
0.0152512 0
0.014953 0
0.01476 0
0.0216722 0
0.0610172 0
0.201233 0
0.220586 0
0.426103 0
0.90988 0
0.963843 0
1.15427 0
1.22639 0
1.35478 0
1.42366 0
1.46825 0
0.00809831 0
0.00809828 0
0.00809827 0
0.00809827 0
0.00809827 0
0.00809827 0
0.00809827 0
0.00809827 0
0.00809827 0
0.00809827 0
0.00809827 0
0.00809827 0
0.00809827 0
0.00809827 0
0.00809827 0
0.00809827 0
0.00809827 0
0.00809827 0
0.00809827 0
0.00809827 0
0.00809827 0
0.00809827 0
0.00809827 0
0.00809827 0
0.00809827 0
0.00809827 0
0.00809827 0
0.00809827 0
0.00809827 0
0.00809827 0
0.00809827 0
0.00809827 0
0.00809827 0
0.00809827 0
0.00809827 0
0.00809827 0
0.00809827 0
0.00809827 0
0.00809827 0
0.00809827 0
0.00809827 0
0.00809827 0
0.00809827 0
0.00809827 0
0.00809827 0
0.00809827 0
0.00809827 0
0.00809827 0
0.00809827 0
0.00809827 0
0.00809827 0
0.00809827 0
0.00809827 0
0.00809827 0
0.00809827 0
0.00809827 0
0.00809827 0
0.00809827 0
0.00809827 0
0.00809827 0
0.00809827 0
0.00809827 0
0.00809827 0
0.00809827 0
0.00809827 0
0.00809827 0
0.00809827 0
0.00809827 0
0.00809827 0
0.00809827 0
0.00809827 0
0.00809827 0
0.00809827 0
0.00809827 0
0.00809827 0
0.00809827 0
0.00809827 0
0.00809827 0
0.00809827 0
0.00809827 0
0.00809827 0
0.00809827 0
0.00809827 0
0.00809827 0
0.00809827 0
0.00809827 0
0.00809827 0
0.00809827 0
0.00809827 0
0.00809827 0
0.00809827 0
0.00809827 0
0.00809827 0
0.00809827 0
0.00809827 0
0.00809827 0
0.00809827 0
0.00809827 0
0.00809827 0
0.00809827 0
0.00809827 0
0.00809827 0
0.00809827 0
0.00809827 0
0.00809827 0
0.00809827 0
0.00809827 0
0.00809827 0
0.00809827 0
0.00809827 0
0.00809827 0
0.00809827 0
0.00809827 0
0.00809827 0
0.00809827 0
0.00809827 0
0.00809827 0
0.00809827 0
0.00809827 0
0.00809827 0
0.00809827 0
0.00809827 0
0.00809827 0
0.00809827 0
0.00809827 0
0.00809827 0
0.00809827 0
0.00809827 0
0.00809827 0
0.00809827 0
0.00809827 0
0.00809827 0
0.00809827 0
0.00809827 0
0.00809827 0
0.00809827 0
0.00809827 0
0.00809827 0
0.00809827 0
0.00809827 0
0.00809827 0
0.00809827 0
0.00809827 0
0.00809827 0
0.00809827 0
0.00809827 0
0.00809827 0
0.00809827 0
0.00809827 0
0.00809827 0
0.00809827 0
0.00809827 0
0.00809827 0
0.00809827 0
0.00809827 0
0.00809827 0
0.00809827 0
0.00809827 0
0.00809827 0
0.00809827 0
0.00809827 0
0.00809827 0
0.00809827 0
0.00809827 0
0.00809827 0
0.00809827 0
0.00809827 0
0.00809827 0
0.00809827 0
0.00809827 0
0.00809827 0
0.00809827 0
0.00809827 0
0.00809827 0
0.00809827 0
0.00809827 0
0.00809827 0
0.00809827 0
0.00809827 0
0.00809827 0
0.00809827 0
0.00809827 0
0.00809827 0
0.00809827 0
0.00809827 0
0.00809827 0
0.00809827 0
0.00809827 0
0.00809827 0
0.00809827 0
0.00809827 0
0.00809827 0
0.00809827 0
0.00809827 0
0.00809827 0
0.00809827 0
0.00809827 0
0.00809827 0
0.00809827 0
0.00809827 0
0.00809827 0
0.00809827 0
0.00809827 0
0.00809827 0
0.00809827 0
0.00809827 0
0.00809827 0
0.00809827 0
0.00809827 0
0.00809827 0
0.00809827 0
0.00809827 0
0.00809827 0
0.00809827 0
0.00809827 0
0.00809827 0
0.00809827 0
0.00809827 0
0.00809827 0
0.00809827 0
0.00809827 0
0.00809827 0
0.00809827 0
0.00809827 0
0.00809827 0
0.00809827 0
0.00809827 0
0.00809827 0
0.00809827 0
0.00809827 0
0.00809827 0
0.00809827 0
0.00809827 0
0.00809827 0
0.00809827 0
0.00809827 0
0.00809827 0
0.00809827 0
0.00809827 0
0.00809827 0
0.00809827 0
0.00809827 0
0.00809827 0
0.00809827 0
0.00809827 0
0.00809827 0
0.00809827 0
0.00809827 0
0.00809827 0
0.00809827 0
0.00809827 0
0.00809827 0
0.00809827 0
0.00809827 0
0.00809827 0
0.00809827 0
0.00809827 0
0.00809827 0
0.00809827 0
0.00809827 0
0.00809827 0
0.00809827 0
0.00809827 0
0.00809827 0
0.00809827 0
0.00809827 0
1.57872 1
1.57872 1
1.57872 1
1.41016 1
0.211308 1
0.107871 1
0.0594098 1
0.0459323 1
0.0343082 1
0.0291171 1
0.0233582 1
0.0176474 1
0.0154723 1
0.0131291 1
0.0114806 1
0.0107234 1
0.0101132 1
0.00946146 1
0.00904435 1
0.00884865 1
0.00869272 1
0.00851627 1
0.00838871 1
0.00832249 1
0.00824217 1
0.00819871 1
0.00816125 1
0.00811534 1
0.00807952 1
0.00806003 1
0.00803673 1
0.00802378 1
0.00800749 1
0.0079982 1
0.00798638 1
0.00797959 1
0.00797104 1
0.0079661 1
0.00795991 1
0.00795633 1
0.00795203 1
0.00794955 1
0.00842345 1
0.00936008 1
0.0229752 1
0.0358064 1
0.0664132 1
0.089634 1
0.134753 1
0.168506 1
0.22555 1
0.265682 1
0.333576 1
0.382873 1
0.45494 1
0.501037 1
0.553433 1
0.583626 1
0.00589287 1
0.00589287 1
0.00589287 1
0.00589287 1
0.00589287 1
0.00589287 1
0.00589287 1
0.00589287 1
0.00589287 1
0.00589287 1
0.00589287 1
0.00589287 1
0.00589287 1
0.00589287 1
0.00589287 1
0.00589287 1
0.00589287 1
0.00589287 1
0.00589287 1
0.00589287 1
0.00589287 1
0.00589287 1
0.00589287 1
0.00589287 1
0.00527964 1
0.00421589 1
0.00219234 1
0.00620085 1
0.00869485 1
0.00716183 1
0.00520698 1
0.00410167 1
0.00271923 1
0.00191371 1
0.000891933 1
0.000289069 1
0.000500031 1
0.000977775 1
0.0016379 1
0.00203954 1
0.00257243 1
0.00288347 1
0.00327581 1
0.00350907 1
0.00383522 1
0.00403631 1
0.00431474 1
0.00447775 1
0.00461862 1
0.00480063 1
0.00496033 1
0.00505472 1
0.00517527 1
0.00524495 1
0.00533693 1
0.00539245 1
0.0054681 1
0.00551229 1
0.00556936 1
0.00560275 1
0.00564975 1
0.00567782 1
0.00571479 1
0.0057355 1
0.00575307 1
0.00577537 1
0.00579439 1
0.00580542 1
0.00581519 1
0.00582756 1
0.00583456 1
0.00584085 1
0.0058515 1
0.00585591 1
0.00585961 1
0.0058642 1
0.00586813 1
0.00587052 1
0.00587376 1
0.00587567 1
0.00587824 1
0.00587977 1
0.00588192 1
0.00588317 1
0.00588471 1
0.00588556 1
0.00588662 1
0.00588725 1
0.0058881 1
0.00588859 1
0.00588927 1
0.00588966 1
0.00589019 1
0.0058905 1
0.00372988 1
0.000389422 1
0.0119421 1
0.0200172 1
0.0304025 1
0.0351546 1
0.0302413 1
0.0266963 1
0.0215915 1
0.0184845 1
0.0141844 1
0.0117118 1
0.00848384 1
0.00691766 1
0.00549924 1
0.00827956 1
0.00828097 1
0.00901858 1
0.00801225 1
0.00685522 1
0.00627809 1
0.00565055 1
0.00525556 1
0.00507525 1
0.00490005 1
0.00483086 1
0.00478676 1
0.00478673 1
0.00480359 1
0.00485749 1
0.00494565 1
0.00501465 1
0.00511703 1
0.00518111 1
0.00527118 1
0.00532875 1
0.0054106 1
0.00545896 1
0.00551689 1
0.00555033 1
0.00558071 1
0.00562183 1
0.00565592 1
0.00567606 1
0.00570427 1
0.00572222 1
0.00574039 1
0.00576506 1
0.00578434 1
0.00579499 1
0.00580862 1
0.00581678 1
0.00582732 1
0.0058333 1
0.00583973 1
0.00584324 1
0.0058482 1
0.0058516 1
0.00585665 1
0.00585964 1
0.00586331 1
0.00586557 1
0.00586916 1
0.00587145 1
0.00587346 1
0.00587601 1
0.00587738 1
0.00587816 1
0.00587886 1
0.00587968 1
0.00588005 1
0.00588024 1
0.00588041 1
0.0076502 1
0.0076502 1
0.0076502 1
0.0076502 1
0.0076502 1
0.0076502 1
0.0076502 1
0.0076502 1
0.0076502 1
0.0076502 1
0.0076502 1
0.0112908 1
0.0172765 1
0.0314261 1
0.0515472 1
0.0736984 1
0.0857814 1
0.106844 1
0.119795 1
0.140234 1
0.151732 1
0.165518 1
0.173212 1
0.180734 1
0.187966 1
0.188656 1
0.186442 1
0.176024 1
0.166797 1
0.156654 1
0.142026 1
0.129 1
0.120376 1
0.105299 1
0.0951734 1
0.0802689 1
0.0714245 1
0.0604104 1
0.0542659 1
0.0465191 1
0.042119 1
0.0382156 1
0.0331786 1
0.0302986 1
0.0265638 1
0.0234408 1
0.021654 1
0.0193259 1
0.018636 1
0.0162152 1
0.0152086 1
0.013925 1
0.0132012 1
0.0125702 1
0.0117586 1
0.0110815 1
0.0106929 1
0.0101928 1
0.00990865 1
0.00966117 1
0.00934826 1
0.0090931 1
0.00894565 1
0.00881376 1
0.00863932 1
0.00848907 1
0.00840104 1
0.00828596 1
0.00821887 1
0.00815819 1
0.00807725 1
0.0080081 1
0.00796842 1
0.00791896 1
0.007891 1
0.00785544 1
0.00783465 1
0.00780697 1
0.00779071 1
0.00776981 1
0.0077578 1
0.00774223 1
0.00773303 1
0.00772451 1
0.0077131 1
0.00770348 1
0.007698 1
0.0103784 1
0.0130803 1
0.0163317 1
0.0164075 1
0.0150828 1
0.0143204 1
0.016159 1
0.0174847 1
0.0169399 1
0.015905 1
0.0145392 1
0.0137854 1
0.0130314 1
0.0128138 1
0.012222 1
0.0117472 1
0.0113226 1
0.0107836 1
0.0104809 1
0.013267 1
0.0206574 1
0.0247036 1
0.0291974 1
0.0312798 1
0.0344716 1
0.0399885 1
0.047102 1
0.0501017 1
0.0512741 1
0.050437 1
0.0509917 1
0.0513578 1
0.0519497 1
0.0497682 1
0.0480017 1
0.0473608 1
0.0520697 1
0.055494 1
0.0562222 1
0.0542003 1
0.0503607 1
0.0471641 1
0.0507758 1
0.0546801 1
0.0594734 1
0.0608817 1
0.0576966 1
0.0547504 1
0.0524173 1
0.0480937 1
0.0419886 1
0.0378233 1
0.0328196 1
0.0300374 1
0.0265549 1
0.0246196 1
0.0238613 1
0.0235824 1
0.0254209 1
0.0321307 1
0.0418472 1
0.0463983 1
0.0499177 1
0.0535472 1
0.0606291 1
0.0657522 1
0.0726728 1
0.0758705 1
0.0769305 1
0.077275 1
0.0783911 1
0.0790482 1
0.0820017 1
0.0839694 1
0.0904449 1
0.0954309 1
0.101223 1
0.103382 1
0.105003 1
0.105592 1
0.109389 1
0.112433 1
0.120765 1
0.12728 1
0.144223 1
0.157372 1
0.18174 1
0.197178 1
0.223669 1
0.241565 1
0.272357 1
0.290872 1
0.311926 1
0.322419 1
0.331226 1
0.334167 1
0.329368 1
0.323002 1
0.314514 1
0.302494 1
0.29653 1
0.293644 1
0.292664 1
0.292227 1
0.296341 1
0.30101 1
0.309693 1
0.321475 1
0.324744 1
0.319529 1
0.309856 1
0.303093 1
0.292575 1
0.284792 1
0.275134 1
0.259184 1
0.241949 1
0.230649 1
0.218357 1
0.195219 1
0.172769 1
0.159758 1
0.147694 1
0.141395 1
0.13533 1
0.124472 1
0.114437 1
0.107934 1
0.0948801 1
0.0850066 1
0.0749147 1
0.0620615 1
0.0521227 1
0.0467762 1
0.0402295 1
0.0365101 1
0.0332038 1
0.0290386 1
0.0257874 1
0.0239498 1
0.0223016 1
0.0200296 1
0.0180215 1
0.0168598 1
0.0153711 1
0.0145141 1
0.013353 1
0.0126785 1
0.0120861 1
0.0113608 1
0.010788 1
0.0104564 1
0.0100071 1
0.00974515 1
0.0095189 1
0.00923699 1
0.00899454 1
0.00884918 1
0.00865343 1
0.00854155 1
0.00840712 1
0.00833129 1
0.0121163 1
0.0150714 1
0.0243589 1
0.0322274 1
0.0528089 1
0.0687804 1
0.0903385 1
0.131323 1
0.187149 1
0.228775 1
0.279734 1
0.30623 1
0.30623 1
0.30798 1
0.293846 1
0.281453 1
0.255988 1
0.238352 1
0.224719 1
0.0038316 1
0.0038316 1
0.0038316 1
0.0038316 1
0.0038316 1
0.0038316 1
0.0038316 1
0.0038316 1
0.0038316 1
0.0038316 1
0.0038316 1
0.0038316 1
0.0038316 1
0.0038316 1
0.0038316 1
0.0038316 1
0.0038316 1
0.0038316 1
0.0038316 1
0.0038316 1
0.0038316 1
0.0038316 1
0.0038316 1
0.0038316 1
0.0038316 1
0.0038316 1
0.0038316 1
0.0038316 1
0.0038316 1
0.0038316 1
0.0038316 1
0.0038316 1
0.0038316 1
0.0038316 1
0.0038316 1
0.0038316 1
0.0038316 1
0.0038316 1
0.0038316 1
0.0038316 1
0.0038316 1
0.0038316 1
0.0038316 1
0.0038316 1
0.0038316 1
0.0038316 1
0.0038316 1
0.0038316 1
0.0038316 1
0.0038316 1
0.0038316 1
0.0038316 1
0.0038316 1
0.0038316 1
0.0038316 1
0.0038316 1
0.0038316 1
0.0038316 1
0.0038316 1
0.0038316 1
0.0038316 1
0.0038316 1
0.0038316 1
0.0038316 1
0.0038316 1
0.0038316 1
0.0038316 1
0.0038316 1
0.0038316 1
0.0038316 1
0.0038316 1
0.0038316 1
0.0038316 1
0.0038316 1
0.0038316 1
0.0038316 1
0.0038316 1
0.0038316 1
0.0038316 1
0.0038316 1
0.0038316 1
0.0038316 1
0.0038316 1
0.0038316 1
0.0038316 1
0.0038316 1
0.0038316 1
0.0038316 1
0.0038316 1
0.0038316 1
0.0038316 1
0.0038316 1
0.0038316 1
0.0038316 1
0.0038316 1
0.0038316 1
0.0038316 1
0.0038316 1
0.0038316 1
0.0038316 1
0.0038316 1
0.0038316 1
0.0038316 1
0.0038316 1
0.0038316 1
0.0038316 1
0.0038316 1
0.0038316 1
0.0038316 1
0.0038316 1
0.0038316 1
0.0038316 1
0.0038316 1
0.0038316 1
0.0038316 1
0.0038316 1
0.0038316 1
0.0038316 1
0.0038316 1
0.0038316 1
0.0038316 1
0.0038316 1
0.0038316 1
0.0038316 1
0.0038316 1
0.0038316 1
0.0038316 1
0.0038316 1
0.0038316 1
0.0038316 1
0.0038316 1
0.0038316 1
0.0038316 1
0.0038316 1
0.0038316 1
0.0038316 1
0.0038316 1
0.0038316 1
0.0038316 1
0.0038316 1
0.0038316 1
0.0038316 1
0.0038316 1
0.0038316 1
0.0038316 1
0.0038316 1
0.0038316 1
0.0038316 1
0.0038316 1
0.0038316 1
3.13776 1
3.13776 1
3.13776 1
3.13776 1
3.13776 1
3.13776 1
3.13776 1
3.13776 1
3.13776 1
3.13776 1
3.13776 1
3.13776 1
3.13776 1
3.13776 1
3.13776 1
3.13776 1
3.13776 1
3.13776 1
3.13776 1
3.13776 1
3.13776 1
3.13776 1
3.13776 1
3.13776 1
3.13776 1
3.13776 1
0.00753625 1
0.00753625 1
0.00753625 1
0.00753625 1
0.00753625 1
0.00753625 1
0.00753625 1
0.00753625 1
0.00753625 1
0.00753625 1
0.00753625 1
0.00753625 1
0.00753625 1
0.00753625 1
0.00872962 1
0.010773 1
0.0150898 1
0.024307 1
0.0352107 1
0.0428916 1
0.0515707 1
0.0651929 1
0.0771728 1
0.0839029 1
0.0895601 1
0.0924759 1
0.0976541 1
0.101779 1
0.108859 1
0.113756 1
0.11798 1
0.1222 1
0.123184 1
0.123642 1
0.126808 1
0.12864 1
0.131005 1
0.132465 1
0.133245 1
0.133338 1
0.130648 1
0.128398 1
0.122909 1
0.119337 1
0.116021 1
0.115433 1
0.115675 1
0.115842 1
0.115134 1
0.114762 1
0.113652 1
0.113616 1
0.116482 1
0.119653 1
0.124093 1
0.126381 1
0.127373 1
0.129412 1
0.131792 1
0.133581 1
0.135441 1
0.137891 1
0.136424 1
0.134728 1
0.13251 1
0.132449 1
0.13458 1
0.139837 1
0.142571 1
0.143572 1
0.14259 1
0.141893 1
0.14216 1
0.143131 1
0.146856 1
0.150224 1
0.156522 1
0.160928 1
0.166881 1
0.170093 1
0.170284 1
0.169399 1
0.167227 1
0.166576 1
0.167174 1
0.167981 1
0.16763 1
0.167185 1
0.168522 1
0.170906 1
0.176557 1
0.180314 1
0.183083 1
0.184237 1
0.185921 1
0.187841 1
0.189542 1
0.190905 1
0.191833 1
0.192919 1
0.195612 1
0.197575 1
0.197902 1
0.19761 1
0.197682 1
0.198144 1
0.196833 1
0.195276 1
0.192877 1
0.192797 1
0.194967 1
0.196009 1
0.192297 1
0.181935 1
0.173183 1
0.169695 1
0.166016 1
0.163527 1
0.15763 1
0.153949 1
0.14817 1
0.144813 1
0.139984 1
0.130849 1
0.12244 1
0.119035 1
0.118121 1
0.117658 1
0.112253 1
0.108644 1
0.108559 1
0.110676 1
0.1132 1
0.114049 1
0.112277 1
0.112035 1
0.11365 1
0.114461 1
0.112529 1
0.111326 1
0.114157 1
0.117382 1
0.118448 1
0.117506 1
0.116412 1
0.116536 1
0.114295 1
0.111858 1
0.108933 1
0.108676 1
0.109759 1
0.110933 1
0.109564 1
0.108654 1
0.109683 1
0.111384 1
0.112142 1
0.111962 1
0.112108 1
0.116011 1
0.120206 1
0.121058 1
0.123686 1
0.126683 1
0.134678 1
0.139194 1
0.139617 1
0.140095 1
0.147139 1
0.153058 1
0.156522 1
0.157488 1
0.162811 1
0.166519 1
0.16366 1
0.15866 1
0.151702 1
0.150188 1
0.151249 1
0.15306 1
0.157311 1
0.156717 1
0.15404 1
0.151803 1
0.145646 1
0.143294 1
0.148093 1
0.15336 1
0.152427 1
0.147342 1
0.133735 1
0.125668 1
0.115843 1
0.109802 1
0.103913 1
0.0145752 1
0.0145752 1
0.0145752 1
0.0157719 1
0.0170927 1
0.0556692 1
0.0761682 1
0.0929553 1
0.0973701 1
0.101823 1
0.106035 1
0.112831 1
0.119063 1
0.130017 1
0.137221 1
0.146219 1
0.149952 1
0.150639 1
0.151118 1
0.153072 1
0.154712 1
0.159651 1
0.162928 1
0.16594 1
0.166404 1
0.164968 1
0.163764 1
0.163408 1
0.165102 1
0.16938 1
0.172166 1
0.173938 1
0.174104 1
0.173191 1
0.170639 1
0.168523 1
0.165095 1
0.162783 1
0.159507 1
0.155572 1
0.152484 1
0.144137 1
0.13758 1
0.128364 1
0.111226 1
0.0967156 1
0.0881986 1
0.0773783 1
0.0709131 1
0.0587849 1
0.0520512 1
0.0461261 1
0.0504615 1
0.0585613 1
0.0802814 1
0.101239 1
0.116291 1
0.13741 1
0.150427 1
0.156951 1
0.158863 1
0.154611 1
0.151826 1
0.148094 1
0.145792 1
0.13847 1
0.133762 1
0.127415 1
0.116478 1
0.102487 1
0.0955668 1
0.0894512 1
0.0886539 1
0.0888736 1
0.0906802 1
0.0897275 1
0.0887888 1
0.084499 1
0.0810218 1
0.0767467 1
0.0731841 1
0.0772999 1
0.0834192 1
0.0939218 1
0.117497 1
0.141107 1
0.15817 1
0.170799 1
0.176133 1
0.176177 1
0.190119 1
0.207818 1
0.273316 1
0.370693 1
0.736933 1
1.4326 1
2.14574 1
2.39767 1
2.60577 1
2.68617 1
2.82465 1
2.8909 1
2.93915 1
3.00041 1
3.0455 1
3.06554 1
3.08643 1
3.09496 1
3.10112 1
3.10734 1
3.11119 1
3.11336 1
3.11549 1
3.11814 1
3.12023 1
3.12131 1
3.12246 1
3.12306 1
3.12374 1
3.12409 1
3.12445 1
3.12466 1
3.12486 1
3.12495 1
3.125 1
0.0677043 1
0.0693333 1
0.0654549 1
0.0666246 1
0.0695499 1
0.0737156 1
0.0760634 1
0.0823519 1
0.0846641 1
0.0868011 1
0.0872915 1
0.0879902 1
0.0845145 1
0.0824789 1
0.0765024 1
0.0736297 1
0.0691 1
0.0674041 1
0.0632786 1
0.061423 1
0.0575669 1
0.0556712 1
0.0512885 1
0.0495255 1
0.0456903 1
0.0436851 1
0.039294 1
0.037294 1
0.0339882 1
0.0327388 1
0.0299682 1
0.0286542 1
0.0273054 1
0.0270313 1
0.0267286 1
0.0263714 1
0.0254931 1
0.0248277 1
0.0239254 1
0.0241005 1
0.0265089 1
0.0291786 1
0.0317886 1
0.0331167 1
0.0340347 1
0.0352063 1
0.0364099 1
0.037195 1
0.0382659 1
0.039047 1
0.0403479 1
0.0407049 1
0.0384068 1
0.036418 1
0.0333002 1
0.0314018 1
0.0297631 1
0.0276819 1
0.027108 1
0.026934 1
0.0257202 1
0.0247468 1
0.023859 1
0.0227047 1
0.0217562 1
0.0212012 1
0.0207028 1
0.0200566 1
0.0195207 1
0.0192027 1
0.0187947 1
0.0185543 1
0.0183375 1
0.0180417 1
0.0177908 1
0.0176402 1
0.0174432 1
0.017324 1
0.0171754 1
0.0171302 1
0.0169707 1
0.0169013 1
0.0168363 1
0.0167499 1
0.0166809 1
0.0166385 1
0.0165837 1
0.0165503 1
0.0165243 1
0.0164939 1
0.0164777 1
0.00587389 1
0.00777474 1
0.0166925 1
0.0133034 1
0.00740307 1
0.0059673 1
0.0054747 1
0.00550534 1
0.00579816 1
0.0060065 1
0.00628846 1
0.00645032 1
0.00666543 1
0.0067868 1
0.00694799 1
0.0070365 1
0.0071472 1
0.00720631 1
0.00725664 1
0.00731885 1
0.0073699 1
0.0073979 1
0.0074332 1
0.00745223 1
0.00746839 1
0.00748783 1
0.00750273 1
0.00751087 1
0.00751778 1
0.00752637 1
0.00753335 1
0.00753733 1
0.0075424 1
0.00754531 1
0.00754912 1
0.00755133 1
0.00755409 1
0.00755568 1
0.0075577 1
0.00755889 1
0.00756052 1
0.00756152 1
0.00756289 1
0.00756369 1
0.00756469 1
0.00756527 1
0.00756605 1
0.00756652 1
0.00756719 1
0.00756759 1
0.00756811 1
0.0075684 1
0.00756878 1
0.00756898 1
0.00756924 1
0.00756937 1
0.00756955 1
0.00756964 1
0.00756972 1
0.00756982 1
0.0075699 1
0.00756995 1
0.00757001 1
0.00757005 1
0.00757009 1
0.00757012 1
0.00757014 1
0.00757017 1
0.0075702 1
0.00757021 1
0.00757023 1
0.00757024 1
0.00757025 1
0.00757026 1
0.00757027 1
0.00757027 1
0.00757028 1
0.00757029 1
0.00757029 1
0.00757029 1
0.0075703 1
0.0075703 1
0.0075703 1
0.0075703 1
0.0075703 1
0.00757031 1
0.00757031 1
0.00757031 1
0.00757031 1
0.00757031 1
0.00757031 1
0.00757031 1
0.00757031 1
0.00757031 1
0.00757031 1
0.00757031 1
0.00757031 1
0.00757031 1
0.00757031 1
0.00757031 1
0.00757031 1
0.00757031 1
0.00757031 1
0.00757031 1
0.00757031 1
0.00757031 1
0.00757031 1
0.00757031 1
0.00757031 1
0.00757031 1
0.00757031 1
0.00757031 1
0.00757031 1
0.00757031 1
0.00757031 1
0.00757031 1
0.00757031 1
0.00757031 1
0.00757031 1
0.00757031 1
0.00757031 1
0.00757031 1
0.00757031 1
0.00757031 1
0.00757031 1
0.00757031 1
0.00757031 1
0.00757031 1
0.00757031 1
0.00757031 1
0.00757031 1
0.00757031 1
0.00757031 1
0.00757031 1
0.00757031 1
0.00757031 1
0.00757031 1
0.00757031 1
0.00757031 1
0.00757031 1
0.00757031 1
0.00757031 1
0.00757031 1
0.00757031 1
0.00757031 1
0.00757031 1
0.00757031 1
0.00757031 1
0.00757031 1
3.13354 2
3.13354 2
3.13354 2
3.13354 2
3.13354 2
3.05341 2
2.87909 2
2.74927 2
2.6127 2
2.59668 2
2.70494 2
2.84888 2
2.98 2
3.03053 2
3.0722 2
3.08888 2
3.10386 2
3.11015 2
3.1165 2
3.1203 2
3.12687 2
3.13173 2
3.14019 2
3.13793 2
3.13191 2
3.1285 2
3.12422 2
3.12188 2
3.11886 2
3.11713 2
3.11539 2
3.11485 2
3.11408 2
3.11272 2
3.10955 2
3.10687 2
3.10333 2
3.10204 2
3.10099 2
3.10055 2
3.09967 2
3.09932 2
3.09926 2
3.10001 2
3.1015 2
3.10268 2
3.10394 2
3.10464 2
3.10514 2
3.10536 2
3.10582 2
3.10715 2
3.11004 2
3.11313 2
3.11785 2
3.12109 2
3.12522 2
3.12757 2
3.13057 2
3.13228 2
3.13443 2
3.1356 2
3.13697 2
3.1376 2
3.1381 2
3.13815 2
3.13793 2
3.13767 2
3.13721 2
3.1369 2
3.13647 2
3.1362 2
3.13584 2
3.13562 2
3.13532 2
3.13515 2
3.13492 2
3.13479 2
3.13461 2
3.1345 2
3.13436 2
3.13428 2
3.13418 2
3.13396 2
3.13298 2
3.1308 2
3.12591 2
3.12291 2
3.12112 2
3.12209 2
3.12379 2
3.12421 2
3.12439 2
3.12515 2
3.12647 2
3.12723 2
3.12823 2
3.12882 2
3.1296 2
3.13004 2
3.13062 2
3.13094 2
3.13136 2
3.13161 2
3.13193 2
3.13212 2
3.13235 2
3.13248 2
3.13265 2
3.13275 2
3.13288 2
3.13295 2
3.13304 2
3.13309 2
3.13316 2
3.1332 2
3.13325 2
3.13329 2
3.13333 2
3.13335 2
3.13338 2
3.1334 2
3.13342 2
3.13344 2
3.13345 2
3.13346 2
3.13348 2
3.13348 2
3.13349 2
3.1335 2
3.1335 2
3.13351 2
3.13351 2
3.13352 2
3.13352 2
3.13352 2
3.13353 2
3.13353 2
3.13353 2
3.13353 2
3.13353 2
3.13353 2
3.13353 2
3.13354 2
3.13354 2
3.13354 2
3.13354 2
3.13354 2
3.13354 2
3.13354 2
3.13354 2
3.13354 2
3.13354 2
3.13354 2
3.13354 2
3.13354 2
3.13354 2
3.13354 2
3.13354 2
3.13354 2
3.13354 2
3.13354 2
3.13354 2
3.13354 2
3.13354 2
3.13354 2
3.13354 2
3.13354 2
3.13283 2
3.13048 2
3.12516 2
3.12019 2
3.1118 2
3.10584 2
3.09739 2
3.09205 2
3.08458 2
3.08001 2
3.07414 2
3.07137 2
3.0685 2
3.06786 2
3.06846 2
3.07019 2
3.0732 2
3.07478 2
3.07573 2
3.0748 2
3.07253 2
3.07132 2
3.07023 2
3.0704 2
3.0718 2
3.07357 2
3.07653 2
3.07854 2
3.08094 2
3.08192 2
3.08257 2
3.08254 2
3.08275 2
3.08483 2
3.09074 2
3.09577 2
3.10225 2
3.10593 2
3.11061 2
3.11447 2
3.11669 2
3.11868 2
3.12127 2
3.12275 2
3.12464 2
3.12571 2
3.12706 2
3.12782 2
3.12879 2
3.12934 2
3.13003 2
3.13043 2
3.13094 2
3.13123 2
3.1316 2
3.13181 2
3.13209 2
3.13224 2
3.13245 2
3.13257 2
3.13273 2
3.13282 2
3.13293 2
3.133 2
3.13308 2
3.13313 2
3.13319 2
3.13323 2
3.13328 2
3.13331 2
3.13334 2
3.13336 2
3.13339 2
3.1334 2
3.13343 2
3.13344 2
3.13345 2
3.13346 2
3.13348 2
3.13348 2
3.13349 2
3.1335 2
3.1335 2
3.13351 2
3.13351 2
3.13352 2
3.13352 2
3.13352 2
3.13352 2
3.13353 2
3.13353 2
3.13353 2
3.13353 2
3.13353 2
3.13353 2
3.13353 2
3.13352 2
3.13133 2
3.12853 2
3.12421 2
3.11605 2
3.10873 2
3.0958 2
3.08478 2
3.06598 2
3.04302 2
3.02553 2
3.00415 2
2.96755 2
2.93855 2
2.89204 2
2.85934 2
2.81126 2
2.78241 2
2.74577 2
2.72702 2
2.70438 2
2.69161 2
2.67328 2
2.66082 2
2.64179 2
2.62893 2
2.61136 2
2.60503 2
2.60271 2
2.60723 2
2.61424 2
2.61176 2
1.58953 2
1.58953 2
1.65972 2
1.7888 2
1.91585 2
2.10088 2
2.25758 2
2.47276 2
2.62237 2
2.80339 2
2.89935 2
2.99077 2
3.03081 2
3.0704 2
3.0887 2
3.10779 2
3.11707 2
3.12769 2
3.13314 2
3.13891 2
3.13928 2
3.13621 2
3.13428 2
3.13192 2
3.13077 2
3.12768 2
3.12511 2
3.12139 2
3.11999 2
3.11864 2
3.11892 2
3.11918 2
3.1191 2
3.11772 2
3.11608 2
3.11317 2
3.11211 2
3.1113 2
3.11206 2
3.11322 2
3.11409 2
3.11459 2
3.11527 2
3.11689 2
3.12007 2
3.12475 2
3.12762 2
3.13148 2
3.1329 2
3.12836 2
3.1209 2
3.11652 2
3.09771 2
3.08317 2
3.07436 2
3.06163 2
3.05279 2
3.03926 2
3.02875 2
3.0114 2
2.99759 2
2.97549 2
2.96051 2
2.93994 2
2.92697 2
2.90804 2
2.8945 2
2.87327 2
2.85729 2
2.83184 2
2.81276 2
2.79359 2
2.76473 2
2.7396 2
2.72486 2
2.70438 2
2.68884 2
2.66223 2
2.64055 2
2.60667 2
2.58437 2
2.55371 2
2.53443 2
2.50668 2
2.48902 2
2.46645 2
2.45511 2
2.44059 2
2.43139 2
2.42119 2
2.42111 2
2.42882 2
2.44043 2
2.46181 2
2.47826 2
2.50243 2
2.51923 2
2.54586 2
2.5673 2
2.60111 2
2.62479 2
2.65808 2
2.67898 2
2.70807 2
2.7277 2
2.7575 2
2.78022 2
2.815 2
2.839 2
2.87242 2
2.89404 2
2.92417 2
2.94303 2
2.96772 2
2.98166 2
2.99927 2
3.01028 2
3.02674 2
3.04416 2
3.05471 2
3.06423 2
3.07627 2
3.08285 2
3.09065 2
3.0939 2
3.09624 2
3.09609 2
3.09506 2
3.09417 2
3.09174 2
3.08847 2
3.08207 2
3.07651 2
3.06591 2
3.05543 2
3.03701 2
3.02246 2
2.99945 2
2.983 2
2.95891 2
2.94252 2
2.91784 2
2.90083 2
2.87637 2
2.86177 2
2.84363 2
2.8348 2
2.82515 2
2.82221 2
2.82195 2
2.82431 2
2.82918 2
2.83374 2
2.84087 2
2.84474 2
2.84916 2
2.85224 2
2.85788 2
2.8629 2
2.87194 2
2.88067 2
2.89678 2
2.9108 2
2.93312 2
2.95002 2
2.97554 2
2.99276 2
3.01708 2
3.0328 2
3.05407 2
3.06616 2
3.0808 2
3.08778 2
3.09531 2
3.09748 2
3.09744 2
3.09566 2
3.09305 2
3.09236 2
3.09217 2
3.09174 2
3.09078 2
3.0902 2
3.08934 2
3.08884 2
3.08818 2
3.08833 2
3.09016 2
3.09326 2
3.09913 2
3.10392 2
3.11227 2
3.11741 2
3.12387 2
3.12722 2
3.12983 2
3.12943 2
3.12591 2
3.12342 2
3.11956 2
3.11765 2
3.11526 2
3.11526 2
3.11597 2
3.11671 2
3.1167 2
3.11642 2
3.11557 2
3.11567 2
3.11611 2
3.11718 2
3.11834 2
3.11873 2
3.11878 2
3.11899 2
3.11916 2
3.12007 2
3.12112 2
3.12165 2
3.12224 2
3.12231 2
3.12207 2
3.12118 2
3.11894 2
3.11739 2
3.11505 2
3.11434 2
3.11398 2
3.1144 2
3.11466 2
3.11488 2
3.1149 2
3.11482 2
3.11392 2
3.11328 2
3.11204 2
3.11163 2
3.11136 2
3.11185 2
3.11263 2
3.11363 2
3.11486 2
3.11614 2
3.11763 2
3.1187 2
3.11996 2
3.12047 2
3.12101 2
3.1213 2
3.12158 2
3.12188 2
3.12222 2
3.12238 2
3.12257 2
3.12265 2
3.12275 2
3.12279 2
3.12281 2
3.1228 2
3.12273 2
3.12263 2
3.12241 2
3.12221 2
3.12179 2
3.12142 2
3.12075 2
3.12024 2
3.11941 2
3.11884 2
3.11798 2
3.11744 2
3.1167 2
3.11625 2
3.11568 2
3.11538 2
3.11508 2
3.11497 2
3.11498 2
3.11509 2
3.11542 2
3.11573 2
3.11631 2
3.11671 2
3.11732 2
3.11771 2
3.11826 2
3.11858 2
3.11898 2
3.11917 2
3.11941 2
3.11953 2
3.11965 2
3.11968 2
3.13379 2
3.1337 2
1.45178 2
1.48873 2
1.41543 2
1.55062 2
1.55751 2
1.56145 2
1.56306 2
1.56309 2
1.56356 2
1.56258 2
1.56332 2
1.55999 2
1.56002 2
2.59974 2
2.86906 2
2.84899 2
2.91992 2
2.96444 2
2.97974 2
3.03472 2
3.05249 2
3.0676 2
2.95759 2
2.66427 2
2.38118 2
1.98845 2
1.81622 2
1.49785 2
1.47645 2
1.48841 2
1.49367 2
1.49975 2
1.50082 2
1.50451 2
1.50736 2
1.50633 2
1.50895 2
1.51088 2
1.51374 2
1.51587 2
1.5184 2
1.52094 2
1.52404 2
1.5296 2
1.53242 2
1.53594 2
1.53763 2
1.56348 2
1.56981 2
1.60011 2
1.60588 2
1.63609 2
1.64323 2
1.65936 2
1.65891 2
1.66967 2
1.67149 2
1.69444 2
1.69385 2
1.66954 2
1.66228 2
1.60363 2
1.58532 2
1.56441 2
1.56269 2
1.59101 2
1.59936 2
1.62379 2
1.62554 2
1.612 2
1.60401 2
1.57343 2
1.56053 2
1.52914 2
1.52479 2
1.54317 2
1.55454 2
1.63561 2
1.67556 2
1.69185 2
1.69611 2
1.69467 2
1.67728 2
1.65453 2
1.64346 2
1.64889 2
1.65223 2
1.65542 2
1.65247 2
1.65378 2
1.65083 2
1.62381 2
1.60588 2
1.53385 2
1.51712 2
1.47967 2
1.47941 2
1.48274 2
1.48643 2
1.48949 2
1.49239 2
1.50915 2
1.5136 2
1.52295 2
1.52834 2
1.54372 2
1.54904 2
1.5595 2
1.55977 2
1.53766 2
1.53392 2
1.54538 2
1.54881 2
1.5996 2
1.60965 2
1.62311 2
1.63304 2
1.63839 2
1.6391 2
1.64092 2
1.65287 2
1.65267 2
1.64452 2
1.63348 2
1.63715 2
1.64542 2
1.64789 2
1.68573 2
1.7122 2
1.73297 2
1.74203 2
1.80809 2
1.6717 2
1.48447 2
1.5694 2
1.56956 2
1.56957 2
1.56958 2
1.56957 2
1.56957 2
1.56957 2
1.56957 2
1.56957 2
1.56957 2
1.56957 2
1.56957 2
1.56956 2
1.56956 2
1.56955 2
1.5401 2
1.52479 2
1.47139 2
1.45996 2
1.45896 2
1.46137 2
1.47 2
1.47067 2
1.46086 2
1.45464 2
1.43668 2
1.42783 2
1.42085 2
1.41702 2
1.40705 2
1.40437 2
1.39691 2
1.38877 2
1.3487 2
1.33402 2
1.36571 2
1.37578 2
1.40455 2
1.40418 2
1.41423 2
1.39557 2
1.35061 2
1.32242 2
1.29308 2
1.28297 2
1.3851 2
1.4087 2
1.41814 2
1.39749 2
1.36679 2
1.41677 2
1.48304 2
1.51208 2
1.58692 2
1.60065 2
1.51884 2
1.49329 2
1.44128 2
1.43727 2
1.41304 2
1.40222 2
1.3992 2
1.39667 2
1.38264 2
1.37555 2
1.37462 2
1.36689 2
1.40076 2
1.40824 2
1.42091 2
1.41948 2
1.40549 2
1.39569 2
1.38815 2
1.38372 2
1.39813 2
1.40242 2
1.42342 2
1.42434 2
1.40678 2
1.40002 2
1.3854 2
1.37892 2
1.36821 2
1.36053 2
1.3792 2
1.38699 2
1.44241 2
1.45357 2
1.45644 2
1.45435 2
1.47203 2
1.47769 2
1.47396 2
1.46337 2
1.44578 2
1.44986 2
1.54342 2
1.56807 2
1.59905 2
1.60617 2
1.66112 2
1.67736 2
1.69661 2
1.7067 2
1.7494 2
1.77225 2
1.87483 2
1.9142 2
1.99099 2
2.02858 2
2.11147 2
2.17018 2
2.1926 2
2.20907 2
2.21838 2
2.29404 2
2.39865 2
2.47937 2
2.61876 2
2.72317 2
2.69071 2
2.75812 2
2.64281 2
2.69918 2
2.78701 2
2.94325 2
3.09822 2
2.9364 2
2.5586 2
2.39107 2
2.39918 2
2.21975 2
2.07138 2
2.02579 2
1.92622 2
1.89522 2
1.73799 2
1.68368 2
1.53012 2
1.50382 2
1.4626 2
1.4601 2
1.43243 2
1.4258 2
1.37882 2
1.37532 2
1.39027 2
1.40501 2
1.44763 2
1.45984 2
1.45935 2
1.45335 2
1.45995 2
1.46542 2
1.47887 2
1.48085 2
1.48533 2
1.48943 2
1.49527 2
1.49838 2
1.51061 2
1.51647 2
1.55245 2
1.56379 2
1.60299 2
1.62172 2
1.62632 2
1.6229 2
1.61856 2
1.61696 2
1.63252 2
1.63901 2
1.67413 2
1.68193 2
1.68334 2
1.68153 2
1.66939 2
1.66242 2
1.66133 2
1.66348 2
1.67235 2
1.67137 2
1.65327 2
1.64658 2
1.62043 2
1.61214 2
1.59476 2
1.59222 2
1.59793 2
1.59971 2
1.60289 2
1.60289 2
1.60355 2
1.60595 2
1.60923 2
1.61076 2
1.62069 2
1.6287 2
1.63354 2
1.63767 2
1.63707 2
1.63596 2
1.62636 2
1.61435 2
1.60406 2
1.5998 2
1.59549 2
1.59909 2
1.61017 2
1.62882 2
1.64741 2
1.6553 2
1.678 2
1.67939 2
1.6803 2
1.67824 2
1.67625 2
1.6752 2
1.67245 2
1.67035 2
1.67059 2
1.67117 2
1.66905 2
1.66888 2
1.66585 2
1.66353 2
1.66267 2
1.42091 2
1.46441 2
1.53829 2
1.57066 2
1.57245 2
1.57261 2
1.54348 2
1.52763 2
1.48249 2
1.47365 2
1.44736 2
1.44225 2
1.46202 2
1.47588 2
1.51713 2
1.52102 2
1.54501 2
1.55433 2
1.57632 2
1.58294 2
1.58504 2
1.58459 2
1.58384 2
1.58339 2
1.5829 2
1.58253 2
1.58187 2
1.58143 2
1.58067 2
1.58028 2
1.57963 2
1.57934 2
1.57904 2
1.57881 2
1.57861 2
1.57843 2
1.5784 2
1.57832 2
1.57804 2
1.57786 2
1.57789 2
1.5778 2
1.57578 2
1.54394 2
1.535 2
1.53136 2
1.51569 2
1.5017 2
1.50027 2
1.50071 2
1.48051 2
1.47437 2
1.44514 2
1.43853 2
1.40174 2
1.378 2
1.36857 2
1.36638 2
1.36579 2
1.37387 2
1.39219 2
1.39756 2
1.38339 2
1.38046 2
1.35359 2
1.34996 2
1.34981 2
1.357 2
1.37885 2
1.38856 2
1.38909 2
1.39047 2
1.36908 2
1.36485 2
1.3352 2
1.33423 2
1.3593 2
1.37298 2
1.41307 2
1.42527 2
1.42029 2
1.41676 2
1.35454 2
1.3397 2
1.29839 2
1.29791 2
1.33429 2
1.35095 2
1.3937 2
1.406 2
1.3938 2
1.38981 2
1.32319 2
1.30404 2
1.40118 2
1.4707 2
1.58056 2
1.60694 2
2.12379 2
2.52069 2
1.85861 2
1.77999 2
2.11993 2
2.25477 2
1.48868 2
1.51798 2
1.61989 2
1.64594 2
1.82621 2
1.86104 2
1.95875 2
1.97751 2
1.99024 2
1.99218 2
1.98722 2
1.98789 2
2.00305 2
2.00878 2
2.01254 2
2.01258 2
1.99462 2
1.98915 2
1.96937 2
1.96517 2
1.96651 2
1.96798 2
1.95827 2
1.95423 2
1.91726 2
1.90722 2
1.85006 2
1.83394 2
1.79065 2
1.78133 2
1.7539 2
1.74632 2
1.70563 2
1.6927 2
1.62429 2
1.60949 2
1.57471 2
1.56809 2
1.56272 2
1.56313 2
1.55981 2
1.55686 2
1.54038 2
1.53642 2
1.52912 2
1.52815 2
1.52566 2
1.52371 2
1.49499 2
1.48561 2
1.45579 2
1.45113 2
1.46023 2
1.46558 2
1.46048 2
1.45578 2
1.4093 2
1.39627 2
1.39489 2
1.40046 2
1.41705 2
1.42312 2
1.44348 2
1.44683 2
1.45657 2
1.45702 2
1.50812 2
1.52834 2
1.60701 2
1.62781 2
1.64983 2
1.65633 2
1.70388 2
1.72072 2
1.74582 2
1.75112 2
1.76772 2
1.78046 2
1.83415 2
1.85514 2
1.92787 2
1.95774 2
2.01126 2
2.03052 2
2.06776 2
2.08648 2
2.14991 2
2.17885 2
2.23844 2
2.26206 2
2.2726 2
2.2862 2
2.28657 2
2.30106 2
2.29228 2
2.29458 2
2.27191 2
2.2781 2
2.2491 2
2.23396 2
2.05798 2
2.00257 2
1.87182 2
1.83975 2
1.79327 2
1.72826 2
1.52777 2
1.47164 2
1.26114 2
1.21714 2
1.19194 2
1.19778 2
1.19071 2
1.1833 2
1.21966 2
1.24248 2
1.32159 2
1.3333 2
1.31998 2
1.31687 2
1.31792 2
1.32471 2
1.30391 2
1.29211 2
1.21964 2
1.2025 2
1.19915 2
1.19777 2
1.19172 2
1.20732 2
1.3488 2
1.39119 2
1.51217 2
1.53842 2
1.5849 2
1.59553 2
1.61108 2
1.61456 2
1.605 2
1.59979 2
1.56951 2
1.56346 2
1.55289 2
1.55036 2
1.56338 2
1.57006 2
1.56831 2
1.56527 2
1.54727 2
1.53832 2
1.50866 2
1.50129 2
1.48218 2
1.47256 2
1.37985 2
1.35305 2
1.30788 2
1.29441 2
1.27747 2
1.26811 2
1.14805 2
1.0938 2
0.927559 2
0.874113 2
0.910491 2
0.921463 2
1.05421 2
1.07372 2
0.933044 2
0.845055 2
0.62543 2
0.521989 2
0.538252 2
0.561365 2
0.878723 2
0.939218 2
1.09656 2
1.12937 2
1.26068 2
1.29794 2
1.35992 2
1.42539 2
1.45265 2
1.45472 2
1.39692 2
1.37933 2
1.31444 2
1.30507 2
1.34613 2
1.35828 2
1.39979 2
1.40927 2
1.42989 2
1.43418 2
1.44268 2
1.44523 2
1.42936 2
1.42234 2
1.399 2
1.39436 2
1.37946 2
1.37718 2
1.38489 2
1.38861 2
1.40223 2
1.4068 2
1.42526 2
1.4313 2
1.46036 2
1.46918 2
1.50241 2
1.51072 2
1.52473 2
1.04211 2
1.22861 2
1.49155 2
1.51921 2
1.55872 2
1.55953 2
1.5609 2
1.56108 2
1.56136 2
1.56141 2
1.56148 2
1.5615 2
1.56156 2
1.56159 2
1.5617 2
1.56174 2
1.56187 2
1.5619 2
1.56197 2
1.56199 2
1.56205 2
1.56206 2
1.56213 2
1.56214 2
1.56223 2
1.56223 2
1.56229 2
1.56228 2
1.56234 2
1.56234 2
1.55707 2
1.55375 2
1.53292 2
1.5282 2
1.51595 2
1.51209 2
1.50149 2
1.48658 2
1.46556 2
1.46067 2
1.45173 2
1.4488 2
1.4366 2
1.4323 2
1.41502 2
1.40942 2
1.39354 2
1.3888 2
1.37592 2
1.37263 2
1.36701 2
1.36461 2
1.36372 2
1.3637 2
1.35802 2
1.35474 2
1.3464 2
1.34348 2
1.33695 2
1.33461 2
1.3214 2
1.31546 2
1.29726 2
1.29284 2
1.3057 2
1.31095 2
1.33903 2
1.34582 2
1.34356 2
1.33979 2
1.34244 2
1.34387 2
1.36013 2
1.36531 2
1.38218 2
1.38527 2
1.37777 2
1.37234 2
1.34571 2
1.33838 2
1.32564 2
1.3224 2
1.3202 2
1.31762 2
1.30731 2
1.30246 2
1.30193 2
1.301 2
1.30614 2
1.30651 2
1.30028 2
1.29649 2
1.3 2
1.30127 2
1.30242 2
1.29918 2
1.28934 2
1.28653 2
1.29371 2
1.29261 2
1.2645 2
1.25155 2
1.22016 2
1.20924 2
1.19066 2
1.18233 2
1.15953 2
1.1476 2
1.12034 2
1.10718 2
1.10384 2
1.0977 2
1.07391 2
1.05956 2
1.06744 2
1.07084 2
1.10567 2
1.11184 2
1.21227 2
1.23619 2
1.09505 2
1.05305 2
1.28297 2
1.33462 2
1.47561 2
1.50022 2
1.58573 2
1.60628 2
1.62449 2
1.62192 2
1.51784 2
1.46984 2
1.06627 2
0.854294 2
1.15705 2
1.24617 2
1.47623 2
1.52187 2
1.67 2
1.70622 2
1.76591 2
1.77686 2
1.80009 2
1.80424 2
1.80714 2
1.79898 2
1.67652 2
1.63279 2
1.54436 2
1.52828 2
1.46503 2
1.4384 2
1.35127 2
1.33442 2
1.36864 2
1.38389 2
1.49 2
1.51897 2
1.61941 2
1.64546 2
1.73128 2
1.7421 2
1.6858 2
1.6693 2
1.67359 2
1.6775 2
1.68842 2
1.68869 2
1.67998 2
1.67259 2
1.64842 2
1.64347 2
1.67033 2
1.67513 2
1.68842 2
1.7044 2
1.97627 2
2.15011 2
2.057 2
1.8517 2
1.50549 2
1.47287 2
1.50848 2
1.53135 2
1.71068 2
1.75189 2
1.74022 2
1.72199 2
1.69709 2
1.69648 2
1.77107 2
1.78814 2
1.75109 2
1.72919 2
1.64883 2
1.62995 2
1.61181 2
1.60972 2
1.57358 2
1.58844 2
1.70837 2
1.72683 2
1.71173 2
1.70409 2
1.71175 2
1.71563 2
1.77438 2
1.78795 2
1.80706 2
1.80551 2
1.77933 2
1.76626 2
1.73841 2
1.73422 2
1.82064 2
1.8543 2
2.01824 2
2.05329 2
2.13654 2
2.14076 2
2.1347 2
2.11762 2
2.10521 2
2.09064 2
1.98569 2
1.9453 2
1.84993 2
1.83084 2
1.80916 2
1.80176 2
1.7917 2
1.78873 2
1.75037 2
1.74772 2
1.77756 2
1.77864 2
1.72569 2
1.70921 2
1.66451 2
1.65458 2
1.63423 2
1.62808 2
1.59751 2
1.58935 2
1.57002 2
1.56495 2
1.5313 2
1.52017 2
1.4961 2
1.49253 2
1.50553 2
1.51128 2
1.54464 2
1.55307 2
1.56801 2
1.57133 2
1.57798 2
1.57846 2
1.56208 2
1.55573 2
1.53629 2
1.53106 2
1.53483 2
1.53849 2
1.56769 2
1.57573 2
1.59964 2
1.60478 2
1.61838 2
1.62156 2
1.63214 2
1.63292 2
1.62724 2
1.62432 2
1.61526 2
1.61264 2
1.6125 2
1.61284 2
1.61022 2
1.60815 2
1.60075 2
1.59855 2
1.59745 2
1.59633 2
1.591 2
1.58971 2
1.59856 2
1.60061 2
1.60524 2
1.60488 2
1.59545 2
1.59142 2
1.58402 2
1.58247 2
1.59209 2
1.59433 2
1.59619 2
1.59557 2
1.59642 2
1.59616 2
1.60717 2
1.60873 2
1.6088 2
1.60824 2
1.61082 2
1.61087 2
1.62182 2
1.63231 2
1.64183 2
1.64434 2
1.64725 2
1.64588 2
1.62151 2
1.61398 2
1.59269 2
1.58704 2
1.57567 2
1.57172 2
1.54369 2
1.53549 2
1.52723 2
1.52731 2
1.54153 2
1.54455 2
1.53896 2
1.53595 2
1.53001 2
1.52856 2
1.51502 2
1.50962 2
1.50224 2
1.50209 2
1.50895 2
1.50997 2
1.50803 2
1.50604 2
1.50985 2
1.50937 2
1.50253 2
1.49878 2
1.48143 2
1.47496 2
1.46483 2
1.46397 2
1.46285 2
1.4596 2
1.47702 2
1.48535 2
1.49705 2
1.49379 2
1.43518 2
1.41627 2
1.36367 2
1.35125 2
1.32155 2
1.31136 2
1.26821 2
1.25957 2
1.19561 2
1.17937 2
1.12168 2
1.10559 2
1.03756 2
1.01362 2
0.960359 2
0.948333 2
0.95094 2
0.931288 2
0.910668 2
0.905326 2
0.904965 2
0.903478 2
0.902537 2
0.902108 2
0.889601 2
0.884131 2
0.895555 2
0.900817 2
0.957139 2
0.978119 2
1.12029 2
1.18656 2
1.79554 2
2.07332 2
2.8896 2
2.97224 2
1.55906 2
1.55478 2
1.77449 2
1.74805 2
1.66631 2
1.6496 2
1.57042 2
1.56056 2
1.56132 2
1.56174 2
1.56301 2
1.56314 2
1.56371 2
1.5638 2
1.5642 2
1.56423 2
1.56438 2
1.56438 2
1.56454 2
1.56454 2
1.56466 2
1.56466 2
1.55651 2
1.55507 2
1.56345 2
1.56508 2
1.56557 2
1.5656 2
1.56581 2
1.56585 2
1.554 2
1.5501 2
1.55655 2
1.56037 2
1.56645 2
1.56694 2
1.56708 2
1.56708 2
1.56723 2
1.56726 2
1.56737 2
1.56734 2
1.56073 2
1.55968 2
1.51601 2
1.50048 2
1.49189 2
1.49566 2
1.52157 2
1.52937 2
1.55657 2
1.57215 2
1.5772 2
1.57812 2
1.57895 2
1.57995 2
1.58253 2
1.58404 2
1.58932 2
1.59161 2
1.59429 2
1.59551 2
1.59652 2
1.59815 2
1.59761 2
1.59832 2
1.59651 2
1.59677 2
1.59538 2
1.59587 2
1.59332 2
1.59353 2
1.59155 2
1.59202 2
1.59147 2
1.59239 2
1.58754 2
1.58629 2
1.57993 2
1.57888 2
1.57649 2
1.57624 2
1.57472 2
1.57427 2
1.57172 2
1.57122 2
1.57028 2
1.57011 2
1.56999 2
1.56998 2
1.56975 2
1.56965 2
1.56961 2
1.56959 2
1.56964 2
1.56966 2
1.56985 2
1.56987 2
1.57017 2
1.57025 2
1.54971 2
1.53568 2
1.46343 2
1.45053 2
1.46468 2
1.46795 2
1.43051 2
1.41702 2
1.37798 2
1.36202 2
1.28878 2
1.26787 2
1.28711 2
1.29942 2
1.40583 2
1.42962 2
1.43568 2
1.40415 2
1.37785 2
1.36882 2
1.38594 2
1.39494 2
1.48506 2
1.51042 2
1.61044 2
1.63747 2
1.66634 2
1.66958 2
1.6683 2
1.67129 2
1.67733 2
1.68211 2
1.6775 2
1.67912 2
1.67151 2
1.67236 2
1.66828 2
1.66974 2
1.66982 2
1.67258 2
1.67594 2
1.68035 2
1.68081 2
1.68219 2
1.66923 2
1.66743 2
1.6611 2
1.66121 2
1.69499 2
1.71908 2
1.67954 2
1.66601 2
1.6537 2
1.65289 2
1.64781 2
1.64812 2
1.65373 2
1.65784 2
1.67038 2
1.67601 2
1.67591 2
1.67412 2
1.66052 2
1.6572 2
1.65413 2
1.65207 2
1.6402 2
1.63628 2
1.62755 2
1.6244 2
1.61988 2
1.6182 2
1.6202 2
1.61499 2
1.6112 2
1.60949 2
1.6054 2
1.6038 2
1.60085 2
1.59982 2
1.59751 2
1.59645 2
1.59375 2
1.59282 2
1.59118 2
1.59059 2
1.58963 2
1.58917 2
1.58849 2
1.58813 2
1.58747 2
1.58709 2
1.5862 2
1.58582 2
1.58542 2
1.58521 2
1.58521 2
1.58507 2
1.58487 2
1.58465 2
1.58441 2
1.58421 2
1.58385 2
1.58364 2
1.58362 2
1.5835 2
1.58345 2
1.58328 2
1.58322 2
1.58308 2
1.583 2
1.58281 2
1.58264 2
1.58247 2
1.58244 2
1.5823 2
1.58236 2
1.58222 2
1.58223 2
1.5821 2
1.58231 2
1.58221 2
1.58231 2
1.58219 2
1.58219 2
1.58201 2
1.58182 2
1.58163 2
1.58161 2
1.58146 2
1.58155 2
1.58143 2
1.58146 2
1.5813 2
1.5813 2
1.58113 2
1.58095 2
1.58074 2
1.58046 2
2.02802 3
2.05475 3
2.05653 3
2.05724 3
2.05856 3
2.06135 3
2.06279 3
2.06299 3
2.06161 3
2.05982 3
2.06028 3
2.06273 3
2.06517 3
2.06759 3
2.06687 3
2.06373 3
2.06072 3
2.05643 3
2.05406 3
2.05107 3
2.04873 3
2.0441 3
2.03969 3
2.03224 3
2.02636 3
2.0167 3
2.00936 3
1.99797 3
1.98965 3
1.97602 3
1.96449 3
1.94348 3
1.92552 3
1.89656 3
1.87751 3
1.84966 3
1.82951 3
1.79506 3
1.76716 3
1.72104 3
1.68637 3
1.62991 3
1.58678 3
1.51369 3
1.45382 3
1.35009 3
1.27123 3
1.15004 3
1.06974 3
0.94486 3
0.859065 3
0.734834 3
0.65824 3
0.553965 3
0.492659 3
0.417532 3
0.37897 3
0.339363 3
0.326426 3
0.333513 3
0.353971 3
0.391979 3
0.421321 3
0.470933 3
0.511646 3
0.574709 3
0.616197 3
0.66963 3
0.697381 3
0.72857 3
0.746066 3
0.773694 3
0.795695 3
0.833159 3
0.864491 3
0.913483 3
0.94641 3
0.995725 3
1.03275 3
1.09398 3
1.14181 3
1.19129 3
1.27344 3
1.35302 3
1.40377 3
1.47429 3
1.51537 3
1.569 3
1.59923 3
1.63635 3
1.6561 3
1.68283 3
1.69757 3
1.71345 3
1.72159 3
1.73478 3
1.74493 3
1.75789 3
1.76081 3
1.75924 3
1.75912 3
1.76863 3
1.78814 3
1.83328 3
1.88101 3
1.96704 3
2.03634 3
2.14369 3
2.21469 3
2.30636 3
2.3522 3
2.39957 3
2.41856 3
2.44057 3
2.46058 3
2.49161 3
2.51234 3
2.53089 3
2.53222 3
2.52445 3
2.51458 3
2.49232 3
2.47279 3
2.44059 3
2.4153 3
2.37558 3
2.35208 3
2.33139 3
2.30519 3
2.27227 3
2.24357 3
2.19362 3
2.15347 3
2.09543 3
2.05993 3
2.01156 3
1.97735 3
1.92539 3
1.8866 3
1.82611 3
1.78028 3
1.70916 3
1.65461 3
1.56855 3
1.50302 3
1.40575 3
1.34607 3
1.27633 3
1.24018 3
1.20052 3
1.18202 3
1.16079 3
1.14787 3
1.13196 3
1.12447 3
1.11761 3
1.11615 3
1.11718 3
1.12084 3
1.12908 3
1.13686 3
1.98923 3
2.03529 3
2.04437 3
2.04356 3
2.04181 3
2.03966 3
2.03514 3
2.03094 3
2.02399 3
2.01904 3
2.01194 3
2.00575 3
1.99457 3
1.98382 3
1.96606 3
1.95266 3
1.93234 3
1.91689 3
1.89264 3
1.87532 3
1.8513 3
1.83734 3
1.81801 3
1.80345 3
1.78067 3
1.76464 3
1.74035 3
1.72174 3
1.69284 3
1.67467 3
1.65264 3
1.64356 3
1.63358 3
1.62495 3
1.60757 3
1.59186 3
1.56522 3
1.54589 3
1.51757 3
1.50095 3
1.4779 3
1.46024 3
1.42865 3
1.40444 3
1.36833 3
1.34434 3
1.30869 3
1.2873 3
1.26017 3
1.24506 3
1.22377 3
1.21113 3
1.19467 3
1.19046 3
1.18895 3
1.21196 3
1.24903 3
1.27726 3
1.31743 3
1.34145 3
1.37232 3
1.39176 3
1.42048 3
1.44472 3
1.49146 3
1.53847 3
1.60753 3
1.64967 3
1.70037 3
1.7261 3
1.75571 3
1.77238 3
1.79341 3
1.8052 3
1.82194 3
1.83432 3
1.85083 3
1.86026 3
1.8729 3
1.88082 3
1.89302 3
1.90363 3
1.91832 3
1.92166 3
1.92233 3
1.9127 3
1.90232 3
1.89651 3
1.89045 3
1.88885 3
1.88876 3
1.89089 3
1.8987 3
1.90542 3
1.91131 3
1.90853 3
1.89797 3
1.88576 3
1.8657 3
1.8542 3
1.8434 3
1.84424 3
1.85269 3
1.85798 3
1.86026 3
1.85585 3
1.84613 3
1.84051 3
1.83718 3
1.83855 3
1.84383 3
1.84555 3
1.84083 3
1.83262 3
1.81861 3
1.80745 3
1.78832 3
1.77428 3
1.75132 3
1.72916 3
1.6678 3
1.57653 3
1.31336 3
1.0085 3
0.459747 3
0.184021 3
0.0458013 3
0.0685016 3
0.0162531 3
0.182133 3
0.52775 3
0.706234 3
0.838669 3
0.865937 3
0.862243 3
0.859098 3
0.877202 3
0.93487 3
1.04889 3
1.14195 3
1.25173 3
1.28897 3
1.32007 3
1.34636 3
1.39855 3
1.44884 3
1.52645 3
1.5795 3
1.65265 3
1.68977 3
1.72957 3
1.75197 3
1.78876 3
1.82053 3
1.87245 3
1.90526 3
1.94857 3
1.97501 3
2.00987 3
2.02084 3
2.02123 3
2.00919 3
1.98479 3
1.96586 3
1.93942 3
1.9202 3
1.89162 3
1.87373 3
1.8498 3
1.83976 3
1.838 3
1.8471 3
1.86748 3
1.87342 3
1.87681 3
1.88675 3
1.49705 3
1.4219 3
1.41468 3
1.41647 3
1.42207 3
1.42413 3
1.43214 3
1.44966 3
1.48222 3
1.50128 3
1.51777 3
1.51523 3
1.49748 3
1.47422 3
1.43878 3
1.41722 3
1.39193 3
1.38121 3
1.36982 3
1.36065 3
1.34662 3
1.33771 3
1.32833 3
1.32602 3
1.32747 3
1.33184 3
1.33995 3
1.34532 3
1.35271 3
1.3556 3
1.3562 3
1.3529 3
1.3459 3
1.34037 3
1.33371 3
1.33071 3
1.32797 3
1.32693 3
1.32606 3
1.32536 3
1.32444 3
1.32347 3
1.32148 3
1.32006 3
1.3195 3
1.31998 3
1.32124 3
1.32205 3
1.32323 3
1.32397 3
1.32541 3
1.32668 3
1.329 3
1.33082 3
1.3338 3
1.33582 3
1.33891 3
1.341 3
1.34425 3
1.34651 3
1.35 3
1.3523 3
1.35561 3
1.35756 3
1.36027 3
1.36184 3
1.36413 3
1.36561 3
1.36796 3
1.36954 3
1.37193 3
1.37338 3
1.37547 3
1.37667 3
1.37841 3
1.37944 3
1.381 3
1.38197 3
1.38342 3
1.38426 3
1.38552 3
1.38621 3
1.38724 3
1.38779 3
1.38869 3
1.3892 3
1.39003 3
1.39051 3
1.39134 3
1.39255 3
1.39357 3
1.39451 3
1.39546 3
1.3971 3
1.40349 3
1.40947 3
1.42239 3
1.43589 3
1.44423 3
1.45609 3
1.46384 3
1.47465 3
1.48121 3
1.48997 3
1.49538 3
1.50273 3
1.50712 3
1.51288 3
1.51631 3
1.52082 3
1.52347 3
1.52694 3
1.52882 3
1.53136 3
1.53314 3
1.53561 3
1.53696 3
1.53859 3
1.53929 3
1.53996 3
1.53999 3
1.53954 3
1.53848 3
1.53569 3
1.48124 3
1.54707 3
1.55448 3
1.5594 3
1.56116 3
1.56284 3
1.56359 3
1.56442 3
1.56484 3
1.56535 3
1.56506 3
1.56326 3
1.56114 3
1.5589 3
1.55927 3
1.56073 3
1.56155 3
1.56262 3
1.56323 3
1.56401 3
1.56444 3
1.565 3
1.56533 3
1.56578 3
1.56605 3
1.5664 3
1.56661 3
1.56688 3
1.56703 3
1.56721 3
1.56731 3
1.56744 3
1.56751 3
1.56759 3
1.56763 3
1.56765 3
1.56765 3
1.56763 3
1.56759 3
1.5675 3
1.5674 3
1.56721 3
1.56682 3
1.56269 3
1.55094 3
1.52025 3
1.48942 3
1.43447 3
1.397 3
1.34424 3
1.31929 3
1.29288 3
1.28198 3
1.27455 3
1.27141 3
1.27111 3
1.27756 3
1.30784 3
1.34692 3
1.4205 3
1.46904 3
1.51729 3
1.53661 3
1.55449 3
1.56207 3
1.56989 3
1.57361 3
1.57773 3
1.57977 3
1.58196 3
1.58298 3
1.58403 3
1.58452 3
1.58497 3
1.58508 3
1.58508 3
1.58495 3
1.58459 3
1.5843 3
1.58385 3
1.5836 3
1.58325 3
1.58302 3
1.58263 3
1.5823 3
1.58178 3
1.58149 3
1.58116 3
1.58103 3
1.58091 3
1.58087 3
1.58072 3
1.58054 3
1.58019 3
1.57995 3
1.57963 3
1.57952 3
1.5794 3
1.57933 3
1.57914 3
1.57898 3
1.5787 3
1.57856 3
1.57845 3
1.57845 3
1.57846 3
1.57844 3
1.57836 3
1.57831 3
1.57825 3
1.57828 3
1.5784 3
1.57858 3
1.57888 3
1.57907 3
1.57931 3
1.57948 3
1.57973 3
1.57993 3
1.58023 3
1.58041 3
1.58059 3
1.58068 3
1.58074 3
1.58081 3
1.58092 3
1.58104 3
1.58159 3
1.58447 3
1.59302 3
1.6011 3
1.60924 3
1.60899 3
1.6083 3
1.60802 3
1.60696 3
1.60569 3
1.608 3
1.61226 3
1.62359 3
1.62186 3
1.6286 3
1.66155 3
1.73666 3
1.79578 3
1.86028 3
1.87662 3
1.87115 3
1.84883 3
1.80626 3
1.78202 3
1.7472 3
1.73378 3
1.73208 3
1.73894 3
1.73972 3
1.72531 3
1.69345 3
1.67468 3
1.65012 3
1.63569 3
1.62218 3
1.62836 3
1.64842 3
1.65931 3
1.65887 3
1.64668 3
1.632 3
1.61285 3
1.59793 3
1.59014 3
1.58013 3
1.57418 3
1.56594 3
1.561 3
1.5545 3
1.55058 3
1.54507 3
1.54087 3
1.53327 3
1.52558 3
1.51003 3
1.51896 3
1.61026 3
1.75465 3
2.10436 3
2.5295 3
2.77952 3
2.26063 3
1.90176 3
1.77367 3
1.67513 3
1.63762 3
1.60518 3
1.58787 3
1.56564 3
1.55522 3
1.54562 3
1.53969 3
1.53053 3
1.5232 3
1.51227 3
1.50535 3
1.49783 3
1.4969 3
1.50028 3
1.50694 3
1.51819 3
1.52527 3
1.77559 3
1.80161 3
1.80854 3
1.81343 3
1.82192 3
1.82976 3
1.8403 3
1.84342 3
1.84314 3
1.83998 3
1.83572 3
1.8372 3
1.8457 3
1.85298 3
1.85948 3
1.85883 3
1.85445 3
1.85095 3
1.84793 3
1.84838 3
1.85113 3
1.85125 3
1.84429 3
1.83143 3
1.81662 3
1.7934 3
1.77609 3
1.76825 3
1.75979 3
1.75659 3
1.75255 3
1.74819 3
1.74027 3
1.73447 3
1.72578 3
1.71846 3
1.70221 3
1.6826 3
1.64267 3
1.60872 3
1.54992 3
1.50554 3
1.42697 3
1.35565 3
1.19776 3
1.04136 3
0.753081 3
0.548742 3
0.358573 3
0.352768 3
0.429426 3
0.48069 3
0.543438 3
0.577644 3
0.625593 3
0.659451 3
0.709991 3
0.744189 3
0.791526 3
0.819357 3
0.857507 3
0.882859 3
0.922302 3
0.950095 3
0.990996 3
1.01484 3
1.04312 3
1.05915 3
1.08837 3
1.11222 3
1.14464 3
1.16172 3
1.18566 3
1.19721 3
1.20653 3
1.20704 3
1.20252 3
1.18988 3
1.16037 3
1.13386 3
1.10428 3
1.10297 3
1.1381 3
1.15974 3
1.26441 3
1.3181 3
1.36102 3
1.40966 3
1.44124 3
1.45654 3
1.47379 3
1.48278 3
1.49337 3
1.49641 3
1.50595 3
1.50971 3
1.51395 3
1.51622 3
1.51948 3
1.5212 3
1.52317 3
1.52414 3
1.52847 3
1.53886 3
1.56021 3
1.57755 3
1.60552 3
1.62366 3
1.64812 3
1.66329 3
1.68552 3
1.69764 3
1.71083 3
1.71264 3
1.70722 3
1.69634 3
1.67678 3
1.66362 3
1.64112 3
1.62287 3
1.58888 3
1.55117 3
1.46417 3
1.38869 3
1.30149 3
1.25826 3
1.21048 3
1.17702 3
1.1317 3
1.10459 3
1.07603 3
1.06385 3
1.0531 3
1.04773 3
1.04264 3
1.04041 3
1.03882 3
1.03677 3
1.03532 3
1.03862 3
1.0515 3
1.06319 3
1.08413 3
1.10007 3
1.1289 3
1.15056 3
1.1876 3
1.21195 3
1.25097 3
1.27314 3
1.30684 3
1.33037 3
1.38591 3
1.44067 3
1.54557 3
1.61235 3
1.6645 3
1.7083 3
1.72621 3
1.72919 3
1.72939 3
1.72754 3
1.72524 3
1.72312 3
1.72038 3
1.7184 3
1.71643 3
1.71525 3
1.71425 3
1.71317 3
1.71138 3
1.70949 3
1.70731 3
1.70615 3
1.70561 3
1.70596 3
1.70779 3
1.70925 3
1.71194 3
1.70622 3
1.67818 3
1.63853 3
1.56054 3
1.5301 3
1.38673 3
1.31508 3
1.20593 3
1.12523 3
1.0059 3
0.930402 3
0.83617 3
0.785171 3
0.725114 3
0.697679 3
0.669486 3
0.66056 3
0.660447 3
0.671062 3
0.699357 3
0.732293 3
0.796899 3
0.852829 3
0.946347 3
1.02292 3
1.14444 3
1.23063 3
1.34343 3
1.40489 3
1.47505 3
1.51018 3
1.5503 3
1.57073 3
1.59421 3
1.60607 3
1.61953 3
1.62624 3
1.63384 3
1.63762 3
1.64192 3
1.64409 3
1.64649 3
1.64762 3
1.64872 3
1.64915 3
1.64945 3
1.64955 3
1.64963 3
1.64978 3
1.64996 3
1.65006 3
1.64984 3
1.64255 3
1.62558 3
1.59201 3
1.57093 3
1.54109 3
1.51845 3
1.49662 3
1.50742 3
1.53363 3
1.54638 3
1.56028 3
1.56702 3
1.57398 3
1.57052 3
1.5551 3
1.54184 3
1.52726 3
1.52513 3
1.53058 3
1.53847 3
1.54933 3
1.55499 3
1.56209 3
1.56568 3
1.57003 3
1.57238 3
1.57526 3
1.57682 3
1.57788 3
1.576 3
1.57092 3
1.56677 3
1.56148 3
1.55978 3
1.55909 3
1.55929 3
1.55931 3
1.55831 3
1.55557 3
1.55267 3
1.54891 3
1.54836 3
1.55041 3
1.55379 3
1.559 3
1.56169 3
1.56465 3
1.56611 3
1.56907 3
1.57184 3
1.57576 3
1.57814 3
1.58143 3
1.58347 3
1.58634 3
1.5866 3
1.58304 3
1.57813 3
1.57088 3
1.56828 3
1.56807 3
1.57105 3
1.57691 3
1.58064 3
1.58595 3
1.5893 3
1.59398 3
1.5969 3
1.60098 3
1.60361 3
1.6074 3
1.60997 3
1.61359 3
1.61564 3
1.61802 3
1.61925 3
1.62067 3
1.62154 3
1.62262 3
1.62337 3
1.62451 3
1.62542 3
1.62664 3
1.6276 3
1.62835 3
1.63061 3
1.63293 3
1.63452 3
1.63611 3
1.635 3
1.62393 3
1.60968 3
1.59894 3
1.60092 3
1.60394 3
1.60632 3
1.61047 3
1.61646 3
1.63306 3
1.64679 3
1.66922 3
1.70076 3
1.82166 3
1.90219 3
1.69735 3
1.64929 3
1.61868 3
1.6066 3
1.59082 3
1.66019 3
1.67266 3
1.68354 3
1.68912 3
1.69416 3
1.69621 3
1.69727 3
1.69755 3
1.6996 3
1.70145 3
1.70401 3
1.7058 3
1.70793 3
1.70856 3
1.70882 3
1.70882 3
1.70833 3
1.7083 3
1.70859 3
1.70918 3
1.71012 3
1.71141 3
1.71311 3
1.71472 3
1.71611 3
1.71582 3
1.71528 3
1.71182 3
1.70889 3
1.70073 3
1.69171 3
1.68526 3
1.67339 3
1.66429 3
1.65073 3
1.64158 3
1.63245 3
1.61965 3
1.6035 3
1.59025 3
1.56954 3
1.55602 3
1.53669 3
1.53049 3
1.50641 3
1.49497 3
1.47856 3
1.46785 3
1.45188 3
1.4412 3
1.42535 3
1.41528 3
1.40108 3
1.39442 3
1.38962 3
1.3875 3
1.38139 3
1.37574 3
1.36674 3
1.36506 3
1.36421 3
1.36173 3
1.3536 3
1.34681 3
1.33802 3
1.33502 3
1.33232 3
1.33049 3
1.32564 3
1.32015 3
1.30933 3
1.30321 3
1.2979 3
1.29851 3
1.30589 3
1.32571 3
1.37073 3
1.4127 3
1.48009 3
1.5277 3
1.59626 3
1.63977 3
1.69546 3
1.72007 3
1.74153 3
1.74879 3
1.76192 3
1.77418 3
1.78818 3
1.7851 3
1.76363 3
1.73591 3
1.6928 3
1.66927 3
1.64269 3
1.6263 3
1.60123 3
1.58308 3
1.55646 3
1.5396 3
1.51858 3
1.50724 3
1.49349 3
1.48636 3
1.48045 3
1.48291 3
1.49296 3
1.50505 3
1.52402 3
1.53561 3
1.54785 3
1.54973 3
1.54799 3
1.54572 3
1.54232 3
1.53935 3
1.53325 3
1.52777 3
1.51817 3
1.51396 3
1.51314 3
1.51943 3
1.53617 3
1.55067 3
1.57318 3
1.58439 3
1.59635 3
1.60231 3
1.6132 3
1.62665 3
1.6535 3
1.67535 3
1.70583 3
1.72104 3
1.73659 3
1.74465 3
1.75673 3
1.76321 3
1.77002 3
1.77198 3
1.77142 3
1.76704 3
1.76144 3
1.75508 3
1.73968 3
1.72929 3
1.71133 3
1.69318 3
1.65731 3
1.62696 3
1.58082 3
1.55058 3
1.50592 3
1.47846 3
1.44133 3
1.41859 3
1.38642 3
1.36759 3
1.34044 3
1.32167 3
1.29585 3
1.28284 3
1.26901 3
1.2652 3
1.25879 3
1.25274 3
1.23995 3
1.23807 3
1.24898 3
1.2655 3
1.28847 3
1.29943 3
1.30901 3
1.31325 3
1.31366 3
1.31908 3
1.36293 3
1.43949 3
1.60461 3
1.68739 3
1.72441 3
1.69469 3
1.6386 3
1.61032 3
1.59351 3
1.60453 3
1.63559 3
1.66364 3
1.70137 3
1.72298 3
1.74796 3
1.76134 3
1.77984 3
1.79445 3
1.81846 3
1.84036 3
1.87681 3
1.90393 3
1.94135 3
1.96513 3
1.99763 3
2.01284 3
2.02316 3
2.01654 3
1.98762 3
1.94894 3
1.87236 3
1.81538 3
1.73219 3
1.6778 3
1.59484 3
1.53861 3
1.45316 3
1.39667 3
1.32584 3
1.29039 3
1.26077 3
1.25505 3
1.27052 3
1.29337 3
1.33033 3
1.35477 3
1.38509 3
1.4026 3
1.42373 3
1.43575 3
1.45053 3
1.45919 3
1.47003 3
1.47635 3
1.4842 3
1.4886 3
1.49405 3
1.49718 3
1.49995 3
1.50375 3
1.50708 3
1.50917 3
1.51199 3
1.51374 3
1.51609 3
1.51746 3
1.5192 3
1.52017 3
1.52104 3
1.52204 3
1.52162 3
1.52085 3
1.52006 3
1.51816 3
1.5164 3
1.51395 3
1.51273 3
1.5113 3
1.5108 3
1.51055 3
1.51069 3
1.5116 3
1.53409 3
1.53434 3
1.53524 3
1.53525 3
1.50543 3
1.54023 3
1.55226 3
1.55712 3
1.56218 3
1.56417 3
1.56536 3
1.5659 3
1.5676 3
1.56899 3
1.57064 3
1.57154 3
1.57266 3
1.57329 3
1.57409 3
1.57453 3
1.57509 3
1.57539 3
1.57579 3
1.57602 3
1.57633 3
1.57651 3
1.57676 3
1.57689 3
1.57708 3
1.57718 3
1.57732 3
1.5774 3
1.57752 3
1.5776 3
1.57769 3
1.57774 3
1.57794 3
1.57796 3
1.57799 3
1.57801 3
1.578 3
1.576 3
1.56879 3
1.56089 3
1.54651 3
1.53391 3
1.51174 3
1.49296 3
1.46078 3
1.43614 3
1.39806 3
1.37272 3
1.3366 3
1.31474 3
1.2835 3
1.26146 3
1.22679 3
1.20444 3
1.17536 3
1.16077 3
1.14369 3
1.1358 3
1.12934 3
1.11691 3
1.10096 3
1.08668 3
1.06454 3
1.04663 3
1.02901 3
0.998648 3
0.972281 3
0.955203 3
0.930382 3
0.913304 3
0.890412 3
0.877493 3
0.86052 3
0.849678 3
0.836153 3
0.830144 3
0.824833 3
0.824304 3
0.831093 3
0.841273 3
0.86191 3
0.87276 3
0.887932 3
0.904262 3
0.943165 3
0.979685 3
1.03685 3
1.07796 3
1.13879 3
1.17858 3
1.22811 3
1.24887 3
1.26549 3
1.26868 3
1.27161 3
1.2762 3
1.28498 3
1.28874 3
1.28905 3
1.28608 3
1.28355 3
1.28836 3
1.29948 3
1.30089 3
1.29053 3
1.27376 3
1.24372 3
1.22418 3
1.20311 3
1.19673 3
1.18056 3
1.14476 3
1.05445 3
0.9675 3
0.830889 3
0.759624 3
0.697835 3
0.6839 3
0.686095 3
0.692213 3
0.733354 3
0.784933 3
0.886454 3
0.966244 3
1.04365 3
1.1587 3
1.25403 3
1.30321 3
1.35814 3
1.38423 3
1.40454 3
1.44354 3
1.49752 3
1.54865 3
1.62383 3
1.6652 3
1.70941 3
1.73248 3
1.76382 3
1.78182 3
1.80173 3
1.81699 3
1.84692 3
1.86955 3
1.8968 3
1.91186 3
1.93493 3
1.95373 3
1.98345 3
2.00573 3
2.0383 3
2.05772 3
2.08147 3
2.09416 3
2.11453 3
2.13292 3
2.16181 3
2.17901 3
2.19805 3
2.20323 3
2.2068 3
2.20869 3
2.21411 3
2.22252 3
2.23855 3
2.24464 3
2.24429 3
2.23288 3
2.20519 3
2.18403 3
2.15545 3
2.14303 3
2.13567 3
2.14819 3
2.19506 3
2.24096 3
2.30036 3
2.32382 3
2.32666 3
2.29389 3
2.18584 3
2.08293 3
1.93975 3
1.85974 3
1.77441 3
1.73452 3
1.68971 3
1.65739 3
1.60675 3
1.56874 3
1.51528 3
1.48178 3
1.44097 3
1.42349 3
1.41064 3
1.41078 3
1.41623 3
1.42269 3
1.43225 3
1.43652 3
1.43895 3
1.43797 3
1.43639 3
1.43764 3
1.4431 3
1.45027 3
1.46265 3
1.47083 3
1.48065 3
1.4847 3
1.48825 3
1.48901 3
1.48916 3
1.48913 3
1.48943 3
1.48979 3
1.49028 3
1.49058 3
1.49141 3
1.49272 3
1.49514 3
1.49649 3
1.49778 3
1.49837 3
1.49881 3
1.49904 3
1.49961 3
1.5008 3
1.50405 3
1.50786 3
1.51465 3
1.51996 3
1.52804 3
1.53359 3
1.542 3
1.54822 3
1.55758 3
1.56377 3
1.57248 3
1.57764 3
1.58396 3
1.58715 3
1.5916 3
1.59311 3
1.60102 3
1.60558 3
1.62401 3
1.6274 3
1.63176 3
1.63379 3
1.63516 3
1.63462 3
1.63312 3
1.63192 3
1.63009 3
1.62959 3
1.63084 3
1.63365 3
1.60988 3
1.63991 3
1.64805 3
1.6573 3
1.66232 3
1.66761 3
1.67035 3
1.6739 3
1.67591 3
1.67731 3
1.67566 3
1.67188 3
1.67112 3
1.67337 3
1.67723 3
1.68349 3
1.6861 3
1.68676 3
1.68453 3
1.68021 3
1.67717 3
1.67241 3
1.66868 3
1.66289 3
1.65824 3
1.65041 3
1.64501 3
1.63678 3
1.62964 3
1.61661 3
1.60706 3
1.59084 3
1.57159 3
1.52887 3
1.48616 3
1.43684 3
1.34097 3
1.2263 3
1.1349 3
0.976063 3
0.85198 3
0.652843 3
0.516923 3
0.32038 3
0.197956 3
0.0928168 3
0.116941 3
0.248689 3
0.330508 3
0.43646 3
0.498948 3
0.584341 3
0.638488 3
0.712686 3
0.753173 3
0.802095 3
0.82503 3
0.853418 3
0.873116 3
0.90659 3
0.936246 3
0.980477 3
0.997421 3
1.00816 3
1.01195 3
1.02867 3
1.05677 3
1.1121 3
1.14226 3
1.18275 3
1.23016 3
1.36992 3
1.47949 3
1.60054 3
1.65471 3
1.70105 3
1.71183 3
1.71783 3
1.7198 3
1.71975 3
1.71723 3
1.71404 3
1.7077 3
1.68983 3
1.67221 3
1.64595 3
1.63161 3
1.6168 3
1.6104 3
1.60645 3
1.60356 3
1.59769 3
1.59799 3
1.6089 3
1.6234 3
1.64605 3
1.66022 3
1.67995 3
1.69203 3
1.70907 3
1.72016 3
1.73642 3
1.74691 3
1.76163 3
1.7703 3
1.78124 3
1.78778 3
1.796 3
1.79785 3
1.79174 3
1.7752 3
1.73092 3
1.68274 3
1.60264 3
1.54842 3
1.47473 3
1.42919 3
1.37097 3
1.34125 3
1.30978 3
1.29647 3
1.28082 3
1.26792 3
1.244 3
1.22463 3
1.19782 3
1.18031 3
1.15222 3
1.12649 3
1.07438 3
1.02067 3
0.926441 3
0.85999 3
0.76995 3
0.71736 3
0.649796 3
0.609121 3
0.554135 3
0.517771 3
0.471679 3
0.445423 3
0.419289 3
0.413335 3
0.428524 3
0.460934 3
0.548115 3
0.626032 3
0.74938 3
0.827771 3
0.934084 3
1.00232 3
1.1022 3
1.17042 3
1.25966 3
1.30497 3
1.35617 3
1.3821 3
1.41542 3
1.44422 3
1.49885 3
1.5447 3
1.60977 3
1.64364 3
1.68104 3
1.7009 3
1.73378 3
1.76744 3
1.80568 3
1.86745 3
1.91638 3
1.94341 3
1.96866 3
2.01051 3
2.05491 3
2.07821 3
2.10002 3
2.10648 3
2.11446 3
2.11931 3
2.1241 3
2.11901 3
2.09417 3
2.06105 3
2.00533 3
1.97193 3
1.93813 3
1.93375 3
1.94604 3
1.96322 3
1.98584 3
1.99412 3
2.00613 3
2.01785 3
2.02725 3
2.01586 3
1.98052 3
1.95162 3
1.92581 3
1.89821 3
1.86974 3
1.83992 3
1.78284 3
1.7339 3
1.66281 3
1.61818 3
1.55361 3
1.50808 3
1.43585 3
1.37619 3
1.27935 3
1.21779 3
1.13474 3
1.07759 3
0.994844 3
0.93843 3
0.86132 3
0.815558 3
0.757306 3
0.727696 3
0.692688 3
0.670574 3
0.636326 3
0.610913 3
0.570544 3
0.540437 3
0.495609 3
0.465582 3
0.42169 3
0.395191 3
0.366959 3
0.36191 3
0.370098 3
0.388557 3
0.421903 3
0.445522 3
0.479687 3
0.503482 3
0.542716 3
0.572891 3
0.602003 3
0.652068 3
0.701607 3
0.737874 3
0.79866 3
0.86 3
1.00607 3
1.16539 3
1.44019 3
1.59762 3
1.78937 3
1.89571 3
2.02095 3
2.08063 3
2.13313 3
2.15415 3
2.16645 3
2.16199 3
2.14637 3
2.13265 3
2.11143 3
2.09608 3
2.07133 3
2.05169 3
2.02229 3
2.00238 3
1.9729 3
1.94953 3
1.91352 3
1.88873 3
1.85422 3
1.83268 3
1.80226 3
1.7814 3
1.7514 3
1.73221 3
1.70619 3
1.69067 3
1.67021 3
1.65697 3
1.63698 3
1.62265 3
1.60157 3
1.58774 3
1.56892 3
1.55761 3
1.54141 3
1.52939 3
1.51057 3
1.498 3
1.48219 3
1.47508 3
1.46771 3
1.46363 3
1.45706 3
1.45207 3
1.44568 3
1.44325 3
1.44242 3
1.4448 3
1.45075 3
1.45557 3
1.46211 3
1.46585 3
1.47129 3
1.47553 3
1.48332 3
1.49045 3
1.50216 3
1.51072 3
1.52435 3
1.5346 3
1.55006 3
1.56094 3
1.57752 3
1.58867 3
1.60391 3
1.61293 3
1.6248 3
1.63193 3
1.64204 3
1.64863 3
1.6578 3
1.66363 3
1.6717 3
1.67619 3
1.68171 3
1.68515 3
1.69006 3
1.69308 3
1.69685 3
1.69842 3
1.69951 3
1.69907 3
1.6965 3
1.69309 3
1.68792 3
1.68475 3
1.67986 3
1.67688 3
1.67363 3
1.6729 3
1.67315 3
1.67489 3
1.67957 3
1.68429 3
1.69088 3
1.69299 3
1.69284 3
1.69044 3
1.68603 3
1.68282 3
1.67676 3
1.67055 3
1.66034 3
1.65258 3
1.63826 3
1.62508 3
1.60382 3
1.59095 3
1.57521 3
1.56645 3
1.55326 3
1.54366 3
1.52992 3
1.52284 3
1.51583 3
1.51418 3
1.51403 3
1.51504 3
1.51558 3
1.51333 3
1.50747 3
1.50369 3
1.501 3
1.50323 3
1.50691 3
1.5173 3
1.52893 3
1.53654 3
1.54591 3
1.55054 3
1.55685 3
1.56199 3
1.57193 3
1.58262 3
1.5946 3
1.61756 3
1.64191 3
1.66008 3
1.68918 3
1.71187 3
1.74839 3
1.77648 3
1.82035 3
1.85268 3
1.90448 3
1.94541 3
2.00898 3
2.05417 3
2.12137 3
2.16976 3
2.24172 3
2.29135 3
2.3611 3
2.40612 3
3.13411 3
3.13372 3
3.13388 3
1.48082 3
1.48435 3
1.3437 3
1.41098 3
1.55595 3
1.55711 3
1.56263 3
1.56222 3
1.56342 3
1.56222 3
1.5631 3
1.56122 3
1.56001 3
1.68865 3
2.85221 3
2.79107 3
2.87134 3
2.91992 3
2.97531 3
3.00701 3
3.04125 3
3.05584 3
3.00368 3
2.95759 3
2.54461 3
2.38118 3
1.8654 3
1.53832 3
1.48457 3
1.47519 3
1.49314 3
1.49367 3
1.50239 3
1.49956 3
1.50651 3
1.50362 3
1.50816 3
1.50684 3
1.51289 3
1.51217 3
1.51764 3
1.51707 3
1.52271 3
1.52404 3
1.53159 3
1.53279 3
1.53712 3
1.54809 3
1.5679 3
1.584 3
1.60413 3
1.61846 3
1.64106 3
1.65472 3
1.65904 3
1.66411 3
1.67094 3
1.68835 3
1.69385 3
1.68193 3
1.66446 3
1.64301 3
1.59086 3
1.56728 3
1.56321 3
1.57231 3
1.59685 3
1.61419 3
1.62501 3
1.62521 3
1.60644 3
1.59784 3
1.56443 3
1.54398 3
1.5261 3
1.5239 3
1.55113 3
1.58768 3
1.6493 3
1.67556 3
1.69481 3
1.70288 3
1.68953 3
1.67728 3
1.64684 3
1.64322 3
1.65123 3
1.65781 3
1.65336 3
1.65657 3
1.65173 3
1.65111 3
1.61143 3
1.57592 3
1.52222 3
1.49207 3
1.47949 3
1.47731 3
1.48532 3
1.48514 3
1.49152 3
1.4985 3
1.51227 3
1.51394 3
1.52671 3
1.53288 3
1.54742 3
1.55582 3
1.55969 3
1.54901 3
1.53506 3
1.53781 3
1.54777 3
1.5719 3
1.5996 3
1.6173 3
1.62402 3
1.63304 3
1.63889 3
1.64125 3
1.64038 3
1.65287 3
1.65027 3
1.64237 3
1.62994 3
1.63715 3
1.64715 3
1.66206 3
1.69263 3
1.7122 3
1.73918 3
1.7472 3
1.84712 3
1.6717 3
1.48908 3
1.5694 3
1.56956 3
1.56958 3
1.56957 3
1.56957 3
1.56957 3
1.56957 3
1.56957 3
1.56957 3
1.56957 3
1.56957 3
1.56956 3
1.56956 3
1.56955 3
1.56539 3
1.52953 3
1.49983 3
1.46349 3
1.45676 3
1.46062 3
1.46665 3
1.47046 3
1.47024 3
1.45658 3
1.44797 3
1.4328 3
1.4264 3
1.41823 3
1.41276 3
1.40522 3
1.40701 3
1.39136 3
1.36882 3
1.33871 3
1.34639 3
1.37255 3
1.39594 3
1.4043 3
1.41579 3
1.41076 3
1.39557 3
1.33139 3
1.31179 3
1.28617 3
1.33247 3
1.40114 3
1.43525 3
1.4041 3
1.38089 3
1.36341 3
1.41677 3
1.50319 3
1.55018 3
1.59647 3
1.6025 3
1.50102 3
1.46261 3
1.43727 3
1.43137 3
1.40548 3
1.40296 3
1.39744 3
1.3945 3
1.37774 3
1.37497 3
1.36926 3
1.38262 3
1.40593 3
1.41858 3
1.41993 3
1.4183 3
1.39966 3
1.39569 3
1.38508 3
1.38917 3
1.4011 3
1.41623 3
1.42405 3
1.41926 3
1.40212 3
1.39665 3
1.38093 3
1.37994 3
1.36289 3
1.36519 3
1.38459 3
1.41373 3
1.44241 3
1.45961 3
1.455 3
1.46091 3
1.47591 3
1.48583 3
1.46669 3
1.44694 3
1.44859 3
1.48974 3
1.56037 3
1.58251 3
1.60393 3
1.62721 3
1.67232 3
1.68204 3
1.70353 3
1.71501 3
1.76492 3
1.80563 3
1.90161 3
1.94091 3
2.01649 3
2.03551 3
2.1509 3
2.17165 3
2.20369 3
2.14251 3
2.26998 3
2.29234 3
2.45342 3
2.47892 3
2.68977 3
2.63233 3
2.73689 3
2.56192 3
2.68144 3
2.57759 3
2.8936 3
2.85695 3
3.05437 3
2.90963 3
2.43809 3
2.39598 3
2.26774 3
2.21342 3
2.02579 3
1.98721 3
1.90421 3
1.8559 3
1.69967 3
1.61034 3
1.51164 3
1.4785 3
1.46084 3
1.44911 3
1.42778 3
1.39746 3
1.37636 3
1.36858 3
1.40056 3
1.42642 3
1.45618 3
1.45925 3
1.4595 3
1.45335 3
1.46378 3
1.47012 3
1.4816 3
1.48 3
1.48748 3
1.48987 3
1.49745 3
1.50083 3
1.5147 3
1.52859 3
1.55245 3
1.57986 3
1.60974 3
1.62172 3
1.62656 3
1.62123 3
1.61745 3
1.62053 3
1.63702 3
1.65446 3
1.67955 3
1.68493 3
1.68209 3
1.68088 3
1.66455 3
1.65934 3
1.66282 3
1.67065 3
1.67167 3
1.66645 3
1.64861 3
1.63379 3
1.61467 3
1.60301 3
1.593 3
1.59417 3
1.59917 3
1.6019 3
1.60289 3
1.6027 3
1.60396 3
1.60595 3
1.61029 3
1.61441 3
1.62266 3
1.63107 3
1.6346 3
1.63887 3
1.6363 3
1.63467 3
1.62307 3
1.61435 3
1.6011 3
1.59686 3
1.59548 3
1.59909 3
1.61424 3
1.62882 3
1.65289 3
1.66928 3
1.67896 3
1.68231 3
1.67886 3
1.67981 3
1.67445 3
1.6752 3
1.67099 3
1.67338 3
1.66939 3
1.67117 3
1.66768 3
1.6697 3
1.66423 3
1.66499 3
1.66267 3
1.66293 3
1.66304 3
1.6622 3
1.37849 3
1.43177 3
1.46441 3
1.53829 3
1.57066 3
1.57257 3
1.57259 3
1.53231 3
1.50702 3
1.47629 3
1.46139 3
1.4438 3
1.44004 3
1.47168 3
1.49977 3
1.51984 3
1.52672 3
1.55152 3
1.56156 3
1.58096 3
1.58495 3
1.58472 3
1.58461 3
1.58352 3
1.58347 3
1.58264 3
1.58259 3
1.58156 3
1.58137 3
1.58039 3
1.58016 3
1.57943 3
1.57939 3
1.57888 3
1.57892 3
1.57849 3
1.57857 3
1.5783 3
1.57834 3
1.57791 3
1.57804 3
1.57783 3
1.57642 3
1.55337 3
1.54101 3
1.53246 3
1.52194 3
1.50918 3
1.5017 3
1.50058 3
1.49371 3
1.47624 3
1.46179 3
1.44054 3
1.43764 3
1.39412 3
1.378 3
1.36705 3
1.35699 3
1.37141 3
1.38039 3
1.39593 3
1.39115 3
1.38135 3
1.36611 3
1.35106 3
1.34177 3
1.35481 3
1.36102 3
1.38561 3
1.38737 3
1.39005 3
1.38053 3
1.36614 3
1.33676 3
1.33453 3
1.33635 3
1.36879 3
1.3868 3
1.42155 3
1.42591 3
1.41783 3
1.3908 3
1.34421 3
1.31195 3
1.29806 3
1.30434 3
1.34587 3
1.36652 3
1.40225 3
1.40203 3
1.39103 3
1.36305 3
1.31011 3
1.28975 3
1.44986 3
1.519 3
1.59857 3
1.70841 3
2.40489 3
2.52069 3
1.7992 3
1.70888 3
1.55185 3
2.22231 3
2.08153 3
1.51175 3
1.54263 3
1.63895 3
1.72605 3
1.85117 3
1.90556 3
1.97211 3
1.98417 3
1.99161 3
1.98751 3
1.9877 3
1.99165 3
2.00706 3
2.01123 3
2.01258 3
2.00598 3
1.99084 3
1.97989 3
1.96647 3
1.96445 3
1.96754 3
1.96571 3
1.95547 3
1.93925 3
1.91033 3
1.88498 3
1.83892 3
1.81407 3
1.7842 3
1.77051 3
1.74865 3
1.73193 3
1.6967 3
1.66122 3
1.61408 3
1.59251 3
1.57014 3
1.56395 3
1.563 3
1.56396 3
1.55777 3
1.54969 3
1.53764 3
1.53242 3
1.52845 3
1.52855 3
1.52431 3
1.5137 3
1.48852 3
1.47 3
1.45257 3
1.4517 3
1.46393 3
1.46692 3
1.45724 3
1.43734 3
1.40032 3
1.3894 3
1.39873 3
1.40556 3
1.42123 3
1.43354 3
1.44579 3
1.45313 3
1.45687 3
1.47056 3
1.52211 3
1.56085 3
1.62138 3
1.63632 3
1.65431 3
1.6714 3
1.71553 3
1.73278 3
1.74947 3
1.74956 3
1.77649 3
1.79581 3
1.84862 3
1.87507 3
1.94842 3
1.9754 3
2.0245 3
2.03551 3
2.08078 3
2.09846 3
2.17003 3
2.19543 3
2.25477 3
2.25516 3
2.28201 3
2.26972 3
2.29676 3
2.28956 3
2.29414 3
2.27155 3
2.27632 3
2.2635 3
2.23964 3
2.16822 3
2.01992 3
1.94881 3
1.84951 3
1.80776 3
1.73544 3
1.65505 3
1.48839 3
1.37662 3
1.23029 3
1.19213 3
1.196 3
1.20105 3
1.18553 3
1.18139 3
1.23559 3
1.28492 3
1.32973 3
1.32828 3
1.31776 3
1.3095 3
1.32266 3
1.32405 3
1.29566 3
1.26063 3
1.20772 3
1.20161 3
1.19818 3
1.19172 3
1.20607 3
1.25729 3
1.37835 3
1.44636 3
1.53043 3
1.55937 3
1.59225 3
1.60254 3
1.61349 3
1.61378 3
1.60138 3
1.58526 3
1.56531 3
1.55877 3
1.55114 3
1.55236 3
1.56799 3
1.57202 3
1.56621 3
1.56244 3
1.54108 3
1.52527 3
1.50359 3
1.4973 3
1.47562 3
1.436 3
1.36146 3
1.33562 3
1.29859 3
1.29198 3
1.27104 3
1.2375 3
1.111 3
1.03211 3
0.890832 3
0.88944 3
0.917937 3
0.994392 3
1.06762 3
1.05315 3
0.873694 3
0.784462 3
0.555131 3
0.558193 3
0.548915 3
0.73028 3
0.920595 3
1.01542 3
1.11943 3
1.18112 3
1.28649 3
1.34134 3
1.39387 3
1.44202 3
1.45409 3
1.43585 3
1.38456 3
1.34474 3
1.30788 3
1.31927 3
1.35464 3
1.37599 3
1.40644 3
1.4188 3
1.43288 3
1.4372 3
1.44445 3
1.44235 3
1.42446 3
1.41145 3
1.39576 3
1.38653 3
1.37788 3
1.37839 3
1.38747 3
1.39299 3
1.4054 3
1.4129 3
1.42946 3
1.44173 3
1.46648 3
1.48221 3
1.50241 3
1.51911 3
1.52558 3
1.1857 3
1.35661 3
1.51329 3
1.5536 3
1.55932 3
1.56029 3
1.56103 3
1.56122 3
1.5614 3
1.56144 3
1.56149 3
1.56152 3
1.56158 3
1.56163 3
1.56173 3
1.56179 3
1.56189 3
1.56193 3
1.56199 3
1.56201 3
1.56205 3
1.56209 3
1.56214 3
1.5622 3
1.56223 3
1.56227 3
1.56228 3
1.56232 3
1.56234 3
1.56239 3
1.55476 3
1.54456 3
1.52964 3
1.52399 3
1.51326 3
1.50469 3
1.49072 3
1.47731 3
1.46217 3
1.45767 3
1.4497 3
1.44503 3
1.43362 3
1.42626 3
1.41116 3
1.40351 3
1.39026 3
1.38349 3
1.37363 3
1.37136 3
1.36535 3
1.36404 3
1.3637 3
1.36321 3
1.35575 3
1.35209 3
1.34438 3
1.34151 3
1.33533 3
1.33157 3
1.31731 3
1.30764 3
1.29421 3
1.29607 3
1.30933 3
1.32334 3
1.3437 3
1.34835 3
1.34094 3
1.34002 3
1.34343 3
1.34943 3
1.36373 3
1.37372 3
1.38432 3
1.38576 3
1.37402 3
1.36177 3
1.34065 3
1.33308 3
1.32339 3
1.32367 3
1.31842 3
1.31574 3
1.30394 3
1.30321 3
1.30128 3
1.30412 3
1.30639 3
1.30643 3
1.29765 3
1.29757 3
1.30088 3
1.30534 3
1.30019 3
1.2954 3
1.28739 3
1.29259 3
1.29295 3
1.28676 3
1.25556 3
1.24124 3
1.21262 3
1.20474 3
1.18493 3
1.17898 3
1.1513 3
1.14214 3
1.11129 3
1.1113 3
1.0996 3
1.09636 3
1.06399 3
1.06286 3
1.06968 3
1.08851 3
1.1099 3
1.15698 3
1.22874 3
1.24087 3
1.05635 3
1.13934 3
1.31956 3
1.40861 3
1.49269 3
1.53544 3
1.60013 3
1.6226 3
1.6227 3
1.59433 3
1.48525 3
1.3685 3
0.916857 3
0.878753 3
1.22173 3
1.35513 3
1.50843 3
1.58602 3
1.69507 3
1.73569 3
1.77348 3
1.78797 3
1.80299 3
1.81453 3
1.80152 3
1.75898 3
1.64652 3
1.58985 3
1.5332 3
1.51333 3
1.44659 3
1.39534 3
1.33971 3
1.34261 3
1.3791 3
1.42328 3
1.5103 3
1.55798 3
1.63767 3
1.69316 3
1.73883 3
1.72108 3
1.67436 3
1.66803 3
1.67629 3
1.68479 3
1.68861 3
1.6907 3
1.67487 3
1.66086 3
1.64504 3
1.65706 3
1.6736 3
1.67131 3
1.69911 3
1.70686 3
2.09176 3
2.65889 3
1.90358 3
1.64787 3
1.4817 3
1.46249 3
1.52446 3
1.60688 3
1.73953 3
1.76752 3
1.72735 3
1.70492 3
1.69668 3
1.72882 3
1.78295 3
1.78864 3
1.73577 3
1.69607 3
1.63557 3
1.61958 3
1.61036 3
1.56945 3
1.58376 3
1.64811 3
1.72128 3
1.72923 3
1.7064 3
1.70491 3
1.71446 3
1.7407 3
1.78383 3
1.80303 3
1.80598 3
1.80182 3
1.77027 3
1.75156 3
1.73551 3
1.75853 3
1.84384 3
1.92887 3
2.04241 3
2.10467 3
2.13954 3
2.15535 3
2.12286 3
2.12641 3
2.09503 3
2.06697 3
1.95738 3
1.90208 3
1.83654 3
1.82458 3
1.80398 3
1.79825 3
1.78963 3
1.76484 3
1.74853 3
1.76716 3
1.77756 3
1.76116 3
1.71417 3
1.68961 3
1.65757 3
1.64757 3
1.62993 3
1.6161 3
1.59182 3
1.58158 3
1.56649 3
1.55425 3
1.52355 3
1.50738 3
1.49362 3
1.49535 3
1.5095 3
1.52535 3
1.55046 3
1.55985 3
1.5703 3
1.5754 3
1.57831 3
1.57395 3
1.55769 3
1.54792 3
1.53267 3
1.52975 3
1.53736 3
1.55003 3
1.57325 3
1.58673 3
1.60319 3
1.61077 3
1.62057 3
1.62803 3
1.63268 3
1.63212 3
1.62522 3
1.62086 3
1.61345 3
1.61218 3
1.61273 3
1.61325 3
1.60879 3
1.60538 3
1.59923 3
1.59898 3
1.59668 3
1.59403 3
1.5901 3
1.59363 3
1.59998 3
1.60419 3
1.60499 3
1.60268 3
1.59266 3
1.58797 3
1.58295 3
1.58247 3
1.59364 3
1.59629 3
1.59576 3
1.59643 3
1.59624 3
1.60212 3
1.60825 3
1.60938 3
1.60841 3
1.60999 3
1.61085 3
1.61558 3
1.62367 3
1.63614 3
1.64357 3
1.64782 3
1.6463 3
1.63738 3
1.61628 3
1.60522 3
1.58879 3
1.58343 3
1.57294 3
1.56147 3
1.53799 3
1.52969 3
1.52729 3
1.53385 3
1.54362 3
1.54392 3
1.53688 3
1.5334 3
1.52901 3
1.52504 3
1.51128 3
1.50468 3
1.50213 3
1.50572 3
1.50966 3
1.5108 3
1.50665 3
1.50918 3
1.50952 3
1.5087 3
1.49994 3
1.4935 3
1.47697 3
1.46894 3
1.46423 3
1.46699 3
1.46058 3
1.4632 3
1.48274 3
1.497 3
1.49478 3
1.47503 3
1.42196 3
1.39312 3
1.35507 3
1.34209 3
1.31447 3
1.29116 3
1.26216 3
1.23372 3
1.18427 3
1.15642 3
1.11052 3
1.08375 3
1.02101 3
0.99042 3
0.951943 3
0.949945 3
0.933352 3
0.923587 3
0.906899 3
0.907094 3
0.90389 3
0.903507 3
0.902202 3
0.899706 3
0.885765 3
0.887384 3
0.899083 3
0.920962 3
0.971302 3
1.01755 3
1.16486 3
1.35901 3
1.98469 3
2.4733 3
2.95483 3
2.98571 3
1.5545 3
1.55898 3
1.5564 3
1.81889 3
1.75555 3
1.70761 3
1.65455 3
1.60572 3
1.56348 3
1.56048 3
1.56162 3
1.56251 3
1.5631 3
1.56344 3
1.56377 3
1.56405 3
1.56422 3
1.56434 3
1.56438 3
1.56449 3
1.56454 3
1.56461 3
1.56466 3
1.56057 3
1.55551 3
1.55913 3
1.56458 3
1.56539 3
1.56559 3
1.5657 3
1.56584 3
1.56183 3
1.5513 3
1.55046 3
1.55919 3
1.56408 3
1.56679 3
1.56705 3
1.56708 3
1.56715 3
1.56725 3
1.56736 3
1.56735 3
1.56383 3
1.56001 3
1.54497 3
1.50537 3
1.49078 3
1.49448 3
1.50567 3
1.52693 3
1.54589 3
1.56706 3
1.57473 3
1.57783 3
1.57862 3
1.57962 3
1.5804 3
1.58355 3
1.58562 3
1.59087 3
1.59224 3
1.59513 3
1.59458 3
1.59764 3
1.59691 3
1.59811 3
1.5966 3
1.5967 3
1.59529 3
1.59572 3
1.59391 3
1.59346 3
1.59165 3
1.59187 3
1.59069 3
1.5921 3
1.59008 3
1.58669 3
1.58301 3
1.57919 3
1.57743 3
1.57632 3
1.5757 3
1.5744 3
1.57306 3
1.57136 3
1.57074 3
1.57016 3
1.57005 3
1.56998 3
1.56993 3
1.56968 3
1.56963 3
1.56959 3
1.5696 3
1.56965 3
1.56977 3
1.56986 3
1.57001 3
1.57022 3
1.57032 3
1.54007 3
1.49908 3
1.45455 3
1.45692 3
1.46694 3
1.45604 3
1.42121 3
1.40647 3
1.36699 3
1.33231 3
1.27441 3
1.26859 3
1.29557 3
1.34869 3
1.42226 3
1.43386 3
1.40813 3
1.39498 3
1.37165 3
1.37202 3
1.39207 3
1.43268 3
1.50238 3
1.55222 3
1.62907 3
1.6545 3
1.66858 3
1.66557 3
1.67035 3
1.67053 3
1.68064 3
1.67688 3
1.67864 3
1.67271 3
1.6721 3
1.66779 3
1.6693 3
1.66636 3
1.67177 3
1.67059 3
1.67895 3
1.67875 3
1.6818 3
1.67467 3
1.66801 3
1.66265 3
1.66119 3
1.66066 3
1.71149 3
1.70637 3
1.67019 3
1.65794 3
1.65315 3
1.6488 3
1.64804 3
1.64808 3
1.65653 3
1.66087 3
1.67424 3
1.67619 3
1.67479 3
1.66795 3
1.65823 3
1.65672 3
1.65274 3
1.64809 3
1.63747 3
1.63397 3
1.62534 3
1.62319 3
1.61871 3
1.6178 3
1.61657 3
1.61407 3
1.61001 3
1.60857 3
1.60428 3
1.60295 3
1.60013 3
1.59945 3
1.59677 3
1.59568 3
1.5931 3
1.59236 3
1.59077 3
1.59045 3
1.58931 3
1.58911 3
1.58823 3
1.58811 3
1.58721 3
1.58691 3
1.58593 3
1.58574 3
1.58528 3
1.58536 3
1.58512 3
1.58518 3
1.58471 3
1.58471 3
1.58427 3
1.5842 3
1.5837 3
1.58376 3
1.58354 3
1.58364 3
1.58333 3
1.58339 3
1.58313 3
1.58324 3
1.58287 3
1.58287 3
1.58252 3
1.58261 3
1.58234 3
1.58248 3
1.58226 3
1.58237 3
1.58214 3
1.58234 3
1.58224 3
1.58241 3
1.58222 3
1.58239 3
1.58206 3
1.58209 3
1.58169 3
1.58179 3
1.5815 3
1.58165 3
1.58147 3
1.58163 3
1.58135 3
1.58148 3
1.58119 3
1.58125 3
1.5808 3
1.58085 3
1.58059 3
1.58059 3
1.58047 3
