0.10749 3.12851 0.00390277
0.874868 3.12937 0.00390277
0.993897 3.12944 0.00472479
0.986822 3.12945 0.00472479
0.159658 3.12945 0.00525788
0.680819 3.12918 0.0132055
0.151247 3.12941 0.0135415
0.279373 3.12907 0.0201555
0.795283 3.12939 0.014864
0.612785 3.12944 0.014864
0.0342352 3.12936 0.0145716
1.03307 3.12946 0.0116416
0.653657 3.12946 0.0113345
0.135748 3.12884 0.00609405
0.545826 3.12525 0.00201688
0.668017 3.12945 0.00182298
0.272006 3.12946 0.00153873
0.272006 3.1294 0.00133975
0.651405 3.12945 0.001767
0.899209 3.12947 0.00196558
0.501956 3.12947 0.00231081
0.174619 3.1293 0.00644893
0.551769 3.12942 0.00937173
0.508141 3.12946 0.00954541
0.508141 3.12946 0.00981569
0.455812 3.12925 0.00153324
0.455812 3.12946 0.00169337
0.170009 3.12938 0.00500649
0.372493 3.12946 0.00528111
0.246921 3.12944 0.00545852
0.876307 3.14074 0.00658998
1.03041 3.14074 0.00658998
0.204433 3.14075 0.00748004
0.573138 3.14073 0.0151686
1.20528 3.14075 0.0144946
2.30121 3.14075 0.0138019
4.76305 2.62171 0.0131696
8.23953 2.35674 0.0125349
12.3285 2.24597 0.0116707
17.0169 2.21403 0.011045
23.5324 2.18007 0.0104192
27.8351 2.21455 0.00989158
27.8351 2.24906 0.00936577
33.597 2.26758 0.00866451
41.6095 2.30688 0.00801853
48.0195 2.33405 0.00741691
53.743 2.34204 0.00662346
60.1647 2.34743 0.00614857
64.0838 2.33944 0.00554385
66.6042 2.32994 0.00517958
68.6642 2.31514 0.00500017
71.8776 2.28788 0.00501247
73.0726 2.25905 0.00522218
73.0726 2.23121 0.00557792
73.2445 2.1948 0.00557792
72.2611 2.17211 0.00720212
70.977 2.15197 0.00783346
69.4323 2.12797 0.00848295
67.8867 2.11699 0.00922477
67.4697 2.11394 0.00986523
66.6448 2.11327 0.0104643
64.6183 2.11948 0.0110629
64.6183 2.12026 0.0117387
63.2843 2.1237 0.0122629
61.6971 2.12308 0.0122629
58.8879 2.11038 0.0136261
57.3154 2.08581 0.014179
56.3091 2.06834 0.0147158
55.4602 2.06248 0.0153476
56.213 2.06151 0.0158378
56.213 2.06218 0.0165127
57.2054 2.07123 0.017016
57.5777 2.07621 0.017465
57.2397 2.07122 0.0178868
58.16 2.06372 0.0183683
57.6717 2.0596 0.0189896
56.8114 2.05389 0.0194544
57.0138 2.0564 0.0199176
56.9684 2.07155 0.0205711
56.6043 2.08019 0.0210696
55.8861 2.08159 0.0216685
54.3331 2.0678 0.0222496
53.8755 2.04824 0.0228579
53.8755 2.03409 0.0235201
53.8725 2.00644 0.0243301
53.7347 1.9815 0.0254539
53.7347 1.97476 0.0254539
54.9954 1.96093 0.0272326
57.0064 1.95467 0.0283248
56.5501 1.94669 0.0293692
55.7849 1.94 0.0303397
54.2017 1.92395 0.0313608
52.3572 1.9074 0.0325441
51.3441 1.89642 0.0336596
52.1699 1.89325 0.0350982
52.352 1.89861 0.0365785
51.866 1.89191 0.0379755
50.2618 1.87717 0.0398261
47.4383 1.85403 0.0411498
45.9814 1.83725 0.0426743
44.7026 1.82997 0.0426743
43.4147 1.81858 0.0456412
42.1236 1.79272 0.0472212
40.6102 1.78235 0.0472212
38.3651 1.78687 0.0514967
36.2413 1.7882 0.0532877
34.2738 1.76599 0.0553903
32.5242 1.74243 0.0553903
32.0028 1.73224 0.0580549
31.8105 1.738 0.0626035
31.4649 1.73318 0.0648815
30.8112 1.70761 0.0648815
29.3202 1.7109 0.0678542
29.0777 1.72546 0.0702211
30.0499 1.74848 0.0737463
30.2399 1.65728 0.0761309
29.5401 1.643 0.0788315
28.5136 1.69656 0.0812812
27.4639 1.69441 0.0837887
26.7312 1.6476 0.0875331
26.7312 1.63818 0.0907611
26.6186 1.66096 0.0937223
26.6882 1.68559 0.0964515
25.9525 1.68439 0.0992287
24.0879 1.69722 0.102284
21.8791 1.71402 0.105309
20.0377 1.67088 0.108084
18.3763 1.61144 0.11088
15.9982 1.57588 0.11422
15.9982 1.57124 0.118748
15.2867 1.57058 0.121504
13.8809 1.57041 0.124213
12.0663 1.57029 0.12686
11.4758 1.57021 0.129863
10.3807 1.5122 0.132854
10.3722 1.34016 0.135462
10.3722 1.38366 0.138914
11.5003 1.15341 0.141754
12.2407 1.01225 0.144473
11.3898 1.03617 0.14687
10.8391 0.993026 0.150087
7.96755 0.888317 0.152398
6.2099 0.880047 0.154624
8.22477 0.93672 0.156825
8.22477 0.778616 0.159929
8.77443 0.675616 0.162205
6.49057 0.6311 0.164208
5.68503 0.511475 0.166216
6.76741 0.405049 0.168381
5.97036 0.392993 0.170241
5.97036 0.482486 0.172057
4.64977 0.44186 0.174441
4.64977 0.221611 0.176925
4.12536 0.0571211 0.178562
2.312 0.0126175 0.180488
0.781637 0.0124842 0.182034
0.195108 2.27517 0.204506
0.105625 1.5014 0.049697
0.227554 1.55282 0.0428399
0.0500047 1.53499 0.0428399
0.103871 3.10571 0.0378984
0.284967 3.13013 0.0353712
0.503497 2.86665 0.035313
0.277298 3.01712 0.035253
0.277298 3.12016 0.0351839
0.537327 2.77923 0.034315
0.194121 3.13781 0.0340129
0.345623 1.55941 0.0338402
0.57098 2.33285 0.0337836
0.0673165 1.54067 0.0332195
0.143003 1.54426 0.033213
0.488666 2.4077 0.0332236
0.872372 2.63067 0.0332311
0.666428 2.71037 0.0332411
0.0108496 2.98539 0.0332567
0.0347577 1.50597 0.0332762
0.12885 2.59914 0.0332537
0.15248 1.5507 0.0330483
0.385701 1.96311 0.0330736
1.25349 2.46689 0.0331008
1.70694 2.6253 0.033133
1.5647 2.68876 0.033133
0.835172 2.70857 0.0331877
0.815289 2.80503 0.0332716
0.551297 2.70934 0.00157055
1.34504 2.88556 0.00166162
0.128311 1.55899 0.00213699
1.46547 2.39547 0.00224918
1.46547 2.71362 0.00238776
0.143353 1.55913 0.00372849
0.690428 2.60069 0.00376757
0.199894 1.65547 0.00407384
1.05042 2.50213 0.00422626
0.455497 2.27991 0.00487146
1.03193 2.52884 0.00487146
0.207856 1.56354 0.00548614
0.796895 2.31965 0.00563594
1.00971 2.58138 0.00573762
0.0590807 1.53112 0.00666828
0.321145 0.416808 0.00710834
0.70919 0.136185 0.00721074
0.781902 0.461483 0.00721074
0.421614 0.486983 0.0073176
2.98618 2.01208 0.00767239
3.06204 2.05328 0.00787416
2.02091 2.05216 0.00807627
1.3527 2.04557 0.00830474
1.3527 2.0402 0.00855864
0.259481 1.86528 0.00533415
0.0351885 0.718757 0.0076419
1.47796 2.03535 0.00812588
0.0129626 0.156018 0.0112401
0.939747 2.01813 0.0112401
0.513997 1.93123 0.0138842
0.724284 1.97161 0.0166226
2.9207 1.99883 0.0179582
2.92875 1.99583 0.0196278
7.34022 1.93213 0.0214629
9.17595 1.96582 0.0231313
9.93618 1.8869 0.0246844
10.6869 1.81255 0.025302
14.1369 1.78633 0.0252439
14.1369 1.79471 0.0252997
19.637 1.76112 0.0255301
19.3296 1.71878 0.0255301
21.5633 1.72864 0.026204
23.4285 1.73992 0.027028
20.9599 1.7062 0.0278928
19.2625 1.67437 0.0288264
22.7868 1.66128 0.0297801
25.0854 1.70842 0.0308047
25.0523 1.73519 0.0319056
25.6942 1.79091 0.033057
31.9706 1.84806 0.033835
34.2675 1.90263 0.0332715
35.0571 1.92375 0.032755
36.8447 2.02255 0.0322873
39.3023 2.06723 0.0318853
39.1486 2.07485 0.0316772
41.8286 2.15119 0.0316015
42.6651 2.17221 0.0316269
42.6651 2.1746 0.031933
44.7283 2.22086 0.0322715
52.4715 2.24885 0.0325566
50.2564 2.26873 0.032962
50.7149 2.28298 0.0335778
50.7149 2.28011 0.0343051
54.3275 2.26433 0.0325615
55.7205 2.28211 0.0309622
56.6914 2.25948 0.0309622
53.824 2.25365 0.0292388
56.1474 2.25472 0.0280316
58.6143 2.24736 0.0258508
57.2667 2.25546 0.0249349
56.0517 2.264 0.023982
55.1212 2.24501 0.0232985
52.7772 2.24831 0.0227653
55.0779 2.23852 0.0227653
56.1049 2.2408 0.0218964
56.7395 2.23676 0.0216789
55.8469 2.23002 0.0219054
53.9008 2.23406 0.0224256
55.6133 2.22305 0.0230696
55.6909 2.21307 0.0238503
56.213 2.21625 0.0229241
57.9066 2.18342 0.021366
57.3222 2.15808 0.021366
57.395 2.15816 0.0193647
56.2091 2.16529 0.0193647
52.8244 2.15766 0.0184051
51.0175 2.14385 0.0178756
48.3591 2.14418 0.0170559
47.2518 2.13388 0.0168157
46.4884 2.10513 0.0168157
46.3799 2.08513 0.0167158
46.1354 2.09075 0.016836
47.2374 2.13334 0.017833
47.7829 2.1315 0.018689
47.3997 2.12321 0.018689
46.5833 2.11754 0.0197515
47.2393 2.14467 0.0214239
46.8848 2.12025 0.0229357
44.8274 2.10868 0.0250354
45.8164 2.13162 0.0263954
46.4258 2.14544 0.0282859
44.4489 2.14623 0.030362
41.0261 2.17573 0.0323006
39.8318 2.20327 0.0345328
39.1243 2.20227 0.0366955
37.4372 2.19574 0.0389336
37.4372 2.21577 0.0430533
37.1621 2.22874 0.0458353
36.3315 2.22809 0.0484254
34.0872 2.26721 0.05174
32.9246 2.30272 0.0546047
28.2375 2.28592 0.057528
28.2375 2.32057 0.0604729
28.6625 2.30854 0.0638929
28.6625 2.28802 0.0683831
27.7217 2.32812 0.0719195
29.082 2.31493 0.0752098
27.8011 2.35231 0.0800114
27.992 2.37794 0.0835611
26.6287 2.36298 0.0872306
23.6629 2.4299 0.0910093
21.8769 2.50259 0.0949891
20.9215 2.62314 0.100494
19.6724 2.68668 0.105773
19.2671 2.76983 0.110168
18.5835 2.80186 0.114547
18.3928 2.84301 0.118859
17.8117 2.87149 0.124754
17.9575 2.89191 0.128589
17.7446 2.91535 0.132468
17.3349 2.84429 0.136606
15.8033 2.87567 0.139443
13.5678 2.87376 0.14181
10.418 2.74536 0.143659
7.49391 2.58152 0.144888
7.75272 2.24266 0.145793
9.52539 2.08345 0.146472
11.0964 2.0668 0.147039
12.7931 2.04152 0.147039
14.9706 1.86847 0.14783
15.68 1.67117 0.148374
15.054 1.52851 0.149187
13.2429 1.46686 0.149187
10.7823 1.51396 0.149982
8.90371 1.65431 0.150357
7.85391 1.92147 0.150677
7.49398 2.03814 0.150677
7.49389 2.06035 0.151126
7.52562 2.06327 0.151421
8.42178 2.16788 0.151754
9.64705 2.32373 0.151937
10.9742 2.42829 0.152113
11.9887 2.50449 0.15221
13.2471 2.56422 0.152291
13.634 2.58434 0.152307
13.7876 2.62013 0.152295
12.7247 2.60504 0.152271
10.4072 2.56749 0.152192
8.76109 2.492 0.152057
7.30311 2.37337 0.151879
6.05337 2.20015 0.151626
5.46769 2.08249 0.151394
5.01951 2.06503 0.151177
5.01951 2.06243 0.150898
4.05114 2.05934 0.150659
1.53409 2.058 0.15041
0.457497 2.05143 0.150172
0.0358995 2.02223 0.149888
2.32104 2.55724 0.0943432
4.95103 2.51095 0.0937759
7.40555 2.51126 0.0933552
9.57434 2.50062 0.0929493
12.4882 2.49246 0.0929493
16.7843 2.47775 0.0923547
19.4467 2.47336 0.0915972
23.4984 2.47337 0.0912681
27.3651 2.48083 0.0908899
31.1456 2.48568 0.090537
34.7685 2.48327 0.0900363
39.3331 2.47842 0.0900363
43.0491 2.47466 0.0895916
47.7563 2.4731 0.0889448
51.934 2.47848 0.0883936
56.3355 2.48246 0.0879548
59.4358 2.4881 0.0875081
62.5156 2.49318 0.0870687
65.1605 2.49968 0.086238
67.3741 2.50381 0.0858569
69.4597 2.50927 0.0858569
69.4597 2.51067 0.0852137
72.3654 2.52087 0.0848692
72.3654 2.52475 0.0845179
73.8213 2.52506 0.0842162
74.37 2.52663 0.0839765
74.6852 2.52578 0.0837624
74.5734 2.52669 0.083612
74.2916 2.53053 0.083495
73.5446 2.53512 0.0833882
73.1329 2.53843 0.0833518
73.1329 2.53967 0.0833697
71.7078 2.54308 0.0834502
71.7078 2.53819 0.0836128
71.5795 2.5336 0.0838412
71.0932 2.532 0.0841364
70.5506 2.52837 0.0844555
70.5506 2.52655 0.0849611
68.7736 2.52098 0.0853814
68.243 2.52135 0.0858879
68.243 2.51324 0.0863744
67.6541 2.49801 0.0869781
67.8419 2.48482 0.087774
66.2904 2.48129 0.0884669
64.8181 2.48044 0.0891972
63.3223 2.46974 0.0902015
61.7825 2.45866 0.0910107
60.296 2.44329 0.0917635
59.5445 2.42963 0.0926224
58.9871 2.41433 0.0934161
59.0071 2.39824 0.0942336
59.5648 2.36999 0.0951125
59.5648 2.34651 0.096026
57.4635 2.33761 0.096026
54.2204 2.33218 0.0978533
52.5512 2.32481 0.0988753
51.2584 2.31444 0.099815
49.827 2.30133 0.101864
48.9645 2.28769 0.102895
48.7066 2.27432 0.104109
48.7079 2.24686 0.105253
48.3387 2.2247 0.105253
45.9741 2.20003 0.106955
43.6211 2.1788 0.108272
41.8102 2.15268 0.109904
40.6866 2.13437 0.111321
40.6866 2.12884 0.112655
40.0744 2.10471 0.114225
39.7811 2.09538 0.116049
38.113 2.09394 0.117604
35.8027 2.08976 0.11966
34.0508 2.08604 0.120636
32.8958 2.08607 0.121574
32.8958 2.07045 0.12262
32.611 2.04418 0.124554
28.3829 2.01417 0.12579
27.2671 2.01065 0.12708
27.5821 2.04641 0.128448
27.5821 2.05216 0.130472
28.3793 2.03682 0.132283
25.8205 2.04187 0.133971
24.5913 2.07228 0.135694
26.5953 2.09249 0.137515
27.6674 2.10269 0.1397
27.6674 2.11085 0.14286
25.4763 2.10898 0.145123
23.9668 2.07351 0.147931
25.6979 2.03133 0.150324
25.9924 2.02876 0.152485
23.4087 2.05079 0.154593
22.3023 2.02892 0.156982
23.5856 1.97605 0.159151
23.307 1.94785 0.161271
21.7073 1.93193 0.163561
19.6544 1.92201 0.163561
19.6562 1.95674 0.166521
18.9389 2.03413 0.171378
16.8083 2.10111 0.173265
15.2525 2.15219 0.175129
15.5706 2.16797 0.176994
15.4896 2.17738 0.179041
11.2364 2.21581 0.180814
11.2364 2.29843 0.183064
7.99138 2.42745 0.184884
7.47515 2.44522 0.18676
7.06635 2.42206 0.18676
6.61895 2.40375 0.191037
5.45792 2.52861 0.192644
4.94968 2.534 0.194218
4.12135 2.46932 0.195719
3.10438 2.34881 0.19757
2.21444 2.14839 0.199094
2.18091 2.07052 0.200403
2.06987 2.05937 0.201901
2.03596 2.05773 0.203163
1.81825 2.05665 0.203163
1.11937 2.0537 0.204704
0.00740258 0.639412 0.218221
0.341985 0.693018 0.217831
0.163019 2.00445 0.217468
0.924206 2.02238 0.209297
0.924206 2.04729 0.208389
0.983397 2.04938 0.208389
0.556994 2.03302 0.19463
0.207117 1.97339 0.156001
0.237295 2.00372 0.155368
0.193412 2.59562 0.125384
2.3154 2.63541 0.124912
2.3154 2.64135 0.124273
4.5572 2.64311 0.123729
5.17779 2.64337 0.123073
6.91841 2.44769 0.12258
8.44811 2.29858 0.122041
10.3398 2.21859 0.121506
12.0449 2.1703 0.121031
13.749 2.18931 0.120565
16.0562 2.21523 0.120565
19.255 2.21745 0.119356
21.8937 2.22652 0.118854
25.3205 2.22506 0.118347
28.2549 2.22622 0.118347
32.562 2.22455 0.117044
35.441 2.22799 0.116485
37.8508 2.24037 0.115848
40.6851 2.26736 0.115848
43.9742 2.27318 0.115066
46.7498 2.31739 0.114362
49.2321 2.33898 0.113749
51.2477 2.34797 0.112673
52.7383 2.3511 0.112059
53.787 2.35044 0.111525
54.4887 2.3549 0.111525
55.1901 2.36156 0.110751
56.2939 2.36191 0.109985
56.9853 2.35788 0.109456
57.442 2.35784 0.108977
57.5042 2.36349 0.108512
57.503 2.37081 0.10812
57.7079 2.37626 0.107404
57.4916 2.39061 0.107087
57.523 2.40096 0.107087
57.7487 2.40896 0.106656
57.8512 2.41418 0.10627
57.8958 2.40894 0.105835
57.6971 2.3997 0.105476
57.5104 2.38999 0.105154
57.3138 2.38028 0.104819
60.5722 2.34485 0.104554
65.2669 2.29214 0.104243
69.4409 2.26731 0.103858
70.0088 2.22971 0.10359
68.4539 2.22756 0.103328
68.4539 2.22968 0.103151
60.8436 2.23589 0.103005
58.005 2.25515 0.102928
58.005 2.2593 0.102853
53.4108 2.27886 0.10277
53.4108 2.28648 0.102675
51.8566 2.29067 0.102601
50.4513 2.29478 0.102526
50.7736 2.31 0.102462
50.7736 2.30719 0.102397
51.0269 2.29851 0.102329
50.3271 2.29822 0.102267
48.9635 2.27995 0.1022
48.9635 2.26874 0.10215
46.185 2.26263 0.102145
45.0466 2.25057 0.102158
44.9369 2.2321 0.102167
44.4213 2.20865 0.102163
44.1238 2.18668 0.102175
42.9061 2.15301 0.102199
42.9061 2.11487 0.102293
41.4686 2.09242 0.102293
41.4686 2.07589 0.102649
39.1505 2.04995 0.10302
38.8485 1.99525 0.103287
40.1709 1.93369 0.103559
42.6492 1.89535 0.103829
41.9192 1.9018 0.104152
39.7729 1.91422 0.1046
37.8718 1.90527 0.105064
37.8718 1.89727 0.105188
37.4753 1.91162 0.10487
37.6204 1.92927 0.104667
37.6204 1.9281 0.104463
37.1947 1.90532 0.104463
36.4808 1.92909 0.104233
36.1135 1.96375 0.104201
35.5471 1.95312 0.104178
36.7033 1.92871 0.104169
38.1662 1.95597 0.10423
36.3066 1.99259 0.104407
34.3824 1.97736 0.104602
35.3782 1.96532 0.104837
36.0675 1.94476 0.105079
36.0675 1.89967 0.105391
34.966 1.93559 0.105947
34.4161 1.96801 0.105947
33.6789 1.96307 0.106677
34.966 1.95245 0.107247
34.6988 2.00918 0.108445
32.8776 2.03842 0.109153
32.4314 2.04839 0.109803
34.065 2.07072 0.110404
33.6059 2.1151 0.111101
31.2173 2.15441 0.111101
31.2173 2.15971 0.112321
31.6382 2.24173 0.113724
29.9215 2.32586 0.114942
27.4412 2.40338 0.115785
27.1377 2.46066 0.116769
27.2383 2.52875 0.117719
26.5845 2.61015 0.118798
25.0633 2.6334 0.119794
23.7141 2.63819 0.121459
23.973 2.63483 0.121459
23.6432 2.63066 0.122846
23.6432 2.62404 0.124649
21.6865 2.61685 0.126211
21.6865 2.61434 0.126211
21.038 2.59123 0.128902
21.4334 2.73208 0.13016
20.7587 2.71248 0.13016
23.556 2.66029 0.132309
32.5937 2.27826 0.13364
32.5937 2.15432 0.13592
37.9379 2.09145 0.13592
32.2406 2.06976 0.137812
26.3786 2.12199 0.139557
23.3818 2.23529 0.140875
20.5538 2.2987 0.142362
15.7864 2.44354 0.143653
12.4602 2.59486 0.145419
10.7538 2.75266 0.146601
10.7538 2.80913 0.148255
9.99482 2.80019 0.149631
10.7715 2.67771 0.150684
12.8475 2.4319 0.15185
16.6762 2.1934 0.15274
21.882 2.07343 0.153562
22.92 2.04528 0.154347
22.92 2.0467 0.155116
22.7166 2.05123 0.156497
22.5737 2.05625 0.157392
22.4265 2.05815 0.15828
21.9705 2.06029 0.159123
21.1507 2.05862 0.159828
21.1507 2.05797 0.159828
18.8122 2.05777 0.160983
17.8337 2.06023 0.161645
16.1046 2.06404 0.162228
16.1046 2.06506 0.163
15.1503 2.06608 0.163628
14.0195 2.06602 0.164375
12.2892 2.06581 0.164827
11.9184 2.06575 0.165308
11.3958 2.06566 0.165662
10.7338 2.06556 0.165984
10.2703 2.06547 0.166272
9.71088 2.06536 0.166646
9.07946 2.06528 0.166884
8.85275 2.06517 0.167122
8.97373 2.06519 0.167301
8.83113 2.06517 0.167426
7.61715 2.0649 0.167528
6.16544 2.06437 0.167555
4.47976 2.06335 0.167534
2.73728 2.06114 0.167534
0.85582 2.05645 0.167462
0.523865 1.02784 0.0841674
1.12245 1.06058 0.0840376
1.34509 1.0653 0.0839056
0.868608 1.06336 0.0837873
0.129662 1.05393 0.0836508
1.77904 2.05626 0.0810936
3.55081 2.06366 0.0805372
5.36231 2.06527 0.0800515
8.30843 2.06623 0.0791195
11.6166 2.06663 0.0786647
15.1661 2.0672 0.0786647
19.1512 2.15963 0.078279
23.4702 2.27232 0.0777514
23.4702 2.31193 0.0772388
32.0664 2.40653 0.076833
36.3782 2.4335 0.076467
41.1152 2.44431 0.0760892
45.1822 2.44931 0.0760892
49.1286 2.44904 0.0753165
53.569 2.44794 0.0748649
58.0701 2.43776 0.0744215
58.0701 2.43449 0.0738872
62.1144 2.43139 0.0733001
68.536 2.42774 0.0728594
70.2673 2.42914 0.0723631
71.8162 2.43755 0.071908
73.1434 2.44396 0.0714546
74.2711 2.45057 0.0709952
75.4679 2.46096 0.070543
77.233 2.46675 0.0699195
78.2844 2.47027 0.0694094
78.2844 2.47751 0.068889
79.6216 2.47839 0.0682723
80.5864 2.47969 0.0678343
81.0825 2.48186 0.0673811
81.4435 2.48392 0.0668803
81.2583 2.48662 0.0668803
80.8028 2.4908 0.0658607
80.2543 2.49549 0.065428
80.0511 2.50176 0.0650337
79.9301 2.50588 0.0650337
79.635 2.50585 0.064152
80.9291 2.48723 0.0637149
82.2731 2.47599 0.0637149
81.619 2.4709 0.0628299
80.4594 2.48001 0.0628299
79.0477 2.48453 0.062355
77.123 2.4943 0.0620355
74.7037 2.50543 0.0614579
73.5609 2.50451 0.0611834
72.7634 2.48859 0.0609493
71.4599 2.48005 0.0607123
69.4137 2.47604 0.0605193
67.8766 2.47424 0.0605193
64.6523 2.47338 0.0603323
63.5022 2.46774 0.0603228
62.4972 2.45295 0.0603832
61.0054 2.44945 0.0604671
59.3425 2.45369 0.060693
57.6847 2.46291 0.059907
56.7325 2.45221 0.0589852
56.1856 2.41815 0.0589852
54.3343 2.40785 0.0577126
52.2912 2.41553 0.056847
51.0516 2.42484 0.0559685
51.3545 2.40142 0.0547692
50.9132 2.37094 0.0539772
47.6884 2.35809 0.0531225
45.0048 2.36959 0.0523807
44.6043 2.3816 0.0516376
44.1462 2.38385 0.0508372
41.4292 2.35918 0.0503406
39.8332 2.35236 0.0500014
39.8332 2.3306 0.0498196
40.5493 2.31137 0.0497628
40.0184 2.32037 0.0498062
35.6624 2.34071 0.0500231
35.2474 2.32742 0.0504156
35.2474 2.31935 0.0511127
34.0221 2.32183 0.0518204
33.9932 2.31277 0.0528749
32.4075 2.29991 0.0539926
31.227 2.25009 0.0551496
30.9363 2.20944 0.0564728
30.5026 2.19358 0.0578527
30.5026 2.19103 0.0593217
29.3275 2.19149 0.0622644
28.5984 2.17417 0.0641728
28.3326 2.11992 0.065978
27.2696 2.08884 0.0680916
27.1884 2.07359 0.07023
25.4085 2.07402 0.0722353
24.7911 2.07704 0.0744708
23.1252 2.05848 0.076466
23.1252 2.02406 0.0792081
22.5313 1.98807 0.0812488
23.5105 1.96414 0.0840958
21.9381 1.96941 0.0860642
21.5917 1.97103 0.0882299
21.9818 1.94896 0.0882299
21.6115 1.94583 0.0922867
20.7645 1.94176 0.0941077
20.7617 1.89149 0.0952909
20.5379 1.85728 0.0963347
19.979 1.88483 0.0972974
20.6351 1.87747 0.0982671
20.9931 1.84561 0.099303
19.6834 1.8658 0.100888
19.2678 1.85453 0.101989
19.3028 1.8189 0.10348
17.2932 1.82436 0.105011
16.5214 1.82866 0.106129
16.9826 1.80225 0.107329
14.1292 1.82212 0.108434
12.904 1.86617 0.108434
12.1645 1.87059 0.110677
10.3374 1.82674 0.111705
7.44132 1.85423 0.11288
6.59219 1.91393 0.11288
4.81591 1.8972 0.114565
1.58055 1.87791 0.115744
2.08627 2.02004 0.11685
2.56918 2.06152 0.11881
1.0572 2.05869 0.119733
1.10274 1.72757 0.120612
1.33098 1.57059 0.121409
0.881588 1.99404 0.122847
2.12316 2.05882 0.122847
2.12316 2.06147 0.124509
0.323816 2.05731 0.124509
1.69165 2.44836 0.125825
2.73393 2.49149 0.126752
4.50058 2.38895 0.128477
6.58595 2.37367 0.129321
7.43258 2.39711 0.130043
7.80575 2.39723 0.130043
7.45392 2.40211 0.131025
7.92864 2.35722 0.131664
8.49891 2.23949 0.133009
8.62735 2.14755 0.133009
7.30274 2.11903 0.133884
7.30274 2.13126 0.134483
6.79279 2.16852 0.135076
4.8551 2.19437 0.135575
4.8551 2.15508 0.136141
3.77742 2.23883 0.136545
3.08373 2.34437 0.136942
2.86177 2.41746 0.137354
2.81133 2.42417 0.137707
2.8733 2.10192 0.138037
2.8733 2.06819 0.138369
3.09971 2.06489 0.138709
2.85723 2.06369 0.139018
1.33791 2.06098 0.139164
0.29206 2.04844 0.139272
0.398456 3.10213 0.0112292
0.696778 3.10287 0.0124942
0.256147 3.10213 0.0118243
0.716347 1.88976 0.0118243
2.77542 1.5298 0.0107218
4.10607 1.52901 0.0102576
5.09541 1.6594 0.0102576
6.61722 1.99645 0.00954295
9.05852 2.23696 0.00919049
12.887 2.4459 0.00897081
16.1277 2.53631 0.00883361
19.0492 2.55038 0.00872806
23.3653 2.54109 0.0087331
25.7801 2.50945 0.008811
27.938 2.48242 0.00894047
30.3146 2.47666 0.00894047
32.4175 2.48534 0.00915268
36.1592 2.50265 0.00985432
38.1175 2.51639 0.0102573
40.2491 2.50913 0.0106646
41.7976 2.48747 0.0111208
43.5325 2.46311 0.0116292
45.0273 2.44187 0.0116292
47.7025 2.43008 0.0131793
49.1623 2.41224 0.0131793
51.7839 2.42655 0.0140014
53.4663 2.44804 0.0146129
55.1516 2.46571 0.0144328
56.6248 2.47235 0.014091
58.1849 2.49484 0.0138451
59.38 2.49287 0.0137103
60.3042 2.48258 0.0136794
60.6795 2.46333 0.0136794
61.0505 2.45817 0.0138086
61.3577 2.44435 0.0139704
61.5801 2.44699 0.0141652
61.5288 2.45931 0.0143684
61.1013 2.47613 0.014771
60.5836 2.49138 0.0150358
59.9578 2.49289 0.0152766
59.0756 2.49027 0.0152766
58.2565 2.50141 0.0155989
57.2343 2.5075 0.0159287
56.0974 2.50491 0.0162187
54.7569 2.50157 0.0166816
53.4785 2.48773 0.0171299
52.0134 2.46241 0.017576
51.0529 2.45927 0.0180741
49.9905 2.46257 0.0186866
48.5416 2.46348 0.0195048
47.8558 2.46989 0.0201931
47.3499 2.47774 0.0209562
46.1598 2.47727 0.0218739
45.551 2.47428 0.0221268
45.0151 2.47893 0.0224497
44.1075 2.48348 0.0229899
43.1047 2.48848 0.0234771
41.6591 2.49207 0.0242305
41.1058 2.50608 0.0248905
40.0582 2.51004 0.0256381
39.4268 2.505 0.0265655
39.0943 2.51152 0.0285832
38.701 2.52571 0.0297661
37.9516 2.55237 0.0308947
37.6045 2.56571 0.0308947
37.6045 2.57266 0.0329313
36.4264 2.58668 0.0343803
35.1958 2.59784 0.0357468
33.659 2.62042 0.0373164
33.1399 2.6518 0.0387841
32.7534 2.67988 0.0403193
32.1661 2.69509 0.042099
32.1661 2.69835 0.0443233
30.7452 2.69859 0.0443233
28.9694 2.71441 0.0478066
28.9694 2.72417 0.0495267
27.0183 2.71306 0.0514218
25.4085 2.67545 0.0529102
25.3535 2.66223 0.0546392
25.3246 2.65624 0.0579075
23.9635 2.65433 0.0595675
22.479 2.6545 0.0595675
23.0581 2.6542 0.0620359
23.4605 2.64179 0.0639837
22.9198 2.65115 0.0657327
22.4721 2.65795 0.0676599
23.2258 2.62914 0.0694095
23.7192 2.61315 0.0715284
22.786 2.61062 0.0729827
22.3031 2.59527 0.0744138
23.04 2.58346 0.0763172
23.2029 2.58526 0.0777268
22.4117 2.59306 0.079266
21.498 2.58548 0.0806325
21.498 2.58435 0.0819987
21.7229 2.62299 0.0842728
21.933 2.67401 0.0854939
21.0102 2.66754 0.0867054
19.9308 2.67674 0.0886991
19.8233 2.68774 0.0886991
19.9615 2.68697 0.0910841
20.3575 2.6311 0.092234
20.8753 2.56237 0.0936158
20.9425 2.51743 0.0947367
21.2681 2.50823 0.0958411
21.8954 2.53661 0.0969242
22.6971 2.54668 0.0984573
23.311 2.54537 0.0994786
23.3963 2.55615 0.100898
22.6685 2.56884 0.100898
22.2652 2.57059 0.102782
21.5713 2.56107 0.10388
20.6371 2.52962 0.104842
19.9652 2.47957 0.105683
19.3464 2.43637 0.106679
18.4098 2.42789 0.107543
17.8416 2.43807 0.108295
17.0127 2.41393 0.109109
16.0044 2.36899 0.109833
14.7409 2.3406 0.11084
13.1708 2.38845 0.111521
12.4653 2.46299 0.112331
11.4101 2.51592 0.112331
11.0377 2.58212 0.113171
10.6211 2.63409 0.114433
10.5379 2.66114 0.114998
9.70119 2.61969 0.114998
8.63618 2.57615 0.11624
7.97409 2.37676 0.11624
6.5149 2.35133 0.116759
5.21479 2.49776 0.117454
5.21479 2.63733 0.118067
4.76423 2.94021 0.118552
5.82627 3.06878 0.118973
5.85826 3.10135 0.11936
5.86024 3.10504 0.119718
5.01204 3.1056 0.120357
4.71057 3.10584 0.1206
3.98615 3.10611 0.1206
2.67994 3.10659 0.120848
1.30982 3.10711 0.121022
1.30982 3.10966 0.121088
0.369673 3.11303 0.121103
0.82532 1.8549 0.12106
1.06054 1.56359 0.120991
0.987965 1.55203 0.120869
0.331545 1.53906 0.120719
0.481851 3.1188 0.0928784
1.28941 3.10922 0.0925137
1.66725 3.10784 0.0920218
1.11502 3.10891 0.0915484
0.0349741 3.12324 0.0911678
0.191938 3.13717 0.0794427
1.41279 3.10888 0.0770433
2.63979 3.10631 0.0767663
3.75502 3.10558 0.0765083
4.75904 3.10521 0.0762495
5.74666 3.10523 0.0760024
7.01094 3.10496 0.075736
7.01094 3.10486 0.0755099
8.3355 3.10475 0.0755099
12.6527 3.00635 0.0751169
12.6527 2.94891 0.0749
17.4785 2.84536 0.0749
20.851 2.81136 0.0743399
23.7031 2.78199 0.074068
26.4575 2.77061 0.0738076
29.6642 2.75822 0.0734978
32.2387 2.76049 0.0732165
35.1917 2.76655 0.0728442
38.7097 2.78005 0.0725254
41.3212 2.78516 0.0725254
43.6201 2.79056 0.0721877
46.1006 2.79627 0.0717453
48.0618 2.80806 0.0715282
49.803 2.80906 0.0713686
50.7878 2.78803 0.0712386
51.9634 2.77636 0.0711238
54.5588 2.77495 0.0711238
55.758 2.76996 0.0710519
56.4528 2.75704 0.0710145
57.5215 2.75438 0.0709698
57.5215 2.74985 0.0709276
58.2745 2.74728 0.0708939
58.2362 2.7206 0.0708883
58.6905 2.70677 0.0708847
58.6905 2.6942 0.070905
59.053 2.68621 0.0709279
58.7416 2.67314 0.0709776
56.9774 2.65826 0.0710502
57.0825 2.64254 0.0711396
56.9342 2.66034 0.0712353
56.855 2.64192 0.0713311
56.855 2.63233 0.0715077
56.4703 2.6188 0.0715077
56.4703 2.60777 0.0719278
58.113 2.61687 0.0722295
59.4341 2.63412 0.0725426
59.4148 2.64038 0.0728907
59.3419 2.63857 0.0732782
58.9817 2.61402 0.0737572
58.5786 2.59174 0.0742967
58.1347 2.57489 0.0749018
58.0462 2.56865 0.0757841
58.0462 2.57316 0.0763748
58.0903 2.5803 0.0775082
57.8599 2.57368 0.0783079
58.1361 2.58 0.0791734
58.5485 2.58779 0.0802199
58.5933 2.58534 0.0812335
58.304 2.55159 0.0823035
58.304 2.53675 0.0834211
57.7422 2.50912 0.084153
57.7392 2.4848 0.084153
57.4994 2.44635 0.0859128
57.8612 2.41975 0.0873889
57.7817 2.39647 0.088388
57.098 2.38367 0.0894272
56.7234 2.36688 0.0906346
56.2502 2.36599 0.0921425
55.343 2.36526 0.09358
54.4432 2.36607 0.0949426
54.4432 2.36692 0.0949426
53.1621 2.3451 0.097589
52.3386 2.32521 0.0991618
51.3575 2.30097 0.10063
49.3924 2.29455 0.10063
47.4151 2.28642 0.102806
47.4151 2.27937 0.104416
44.9843 2.26229 0.105846
43.6267 2.24616 0.107185
43.0941 2.21896 0.108909
41.993 2.15777 0.110575
41.1309 2.13276 0.112125
39.6216 2.11237 0.115484
38.7541 2.09798 0.115484
38.7541 2.09433 0.117481
37.1976 2.1121 0.119846
35.6056 2.11897 0.121425
34.5306 2.10747 0.122815
33.1625 2.08312 0.124403
31.9127 2.06721 0.126008
29.9664 2.04566 0.127622
28.8265 2.03091 0.129078
28.8265 2.02927 0.131031
25.951 2.05772 0.132655
24.7924 2.07256 0.134116
24.7924 2.04984 0.135593
24.8598 2.01736 0.13764
24.2295 2.0112 0.139049
23.465 2.0028 0.140633
20.8569 1.98983 0.14221
20.8569 1.98024 0.14221
19.8514 2.00217 0.145494
19.3564 2.03399 0.147028
17.6299 2.05187 0.148379
17.3941 2.06847 0.149641
17.001 2.04497 0.150941
17.001 2.01535 0.152282
16.8016 2.05579 0.154248
16.7674 2.09395 0.156037
16.604 2.04091 0.157805
16.2815 1.9973 0.159117
16.7764 1.9931 0.159117
17.3654 1.99062 0.162051
17.9853 1.97385 0.163352
17.9627 1.9714 0.164624
17.5748 1.99828 0.165873
17.5748 2.02414 0.167382
17.4994 2.03414 0.16911
16.8492 2.07947 0.170425
17.1869 2.07979 0.171758
17.9725 2.06935 0.172965
18.2696 2.10076 0.174287
18.7419 2.10569 0.175456
18.9846 2.05652 0.176598
19.0833 2.00177 0.178075
19.5444 1.92865 0.179147
18.5472 1.96622 0.180274
17.3108 2.02165 0.181354
15.2304 2.06903 0.182591
13.9548 2.14054 0.18356
12.8839 2.17438 0.184496
11.9789 2.14387 0.185378
10.2324 2.10577 0.185378
7.68738 2.12723 0.187043
5.72063 2.21107 0.187751
4.10525 2.24604 0.188364
2.31652 2.24527 0.188946
1.51946 2.80599 0.189508
1.2607 3.06843 0.190286
0.312455 3.11277 0.190878
0.133909 2.96025 0.169832
0.0236606 2.96637 0.169107
0.202804 3.06157 0.148907
0.020384 2.02009 0.148203
0.0875059 2.99988 0.148203
0.148939 3.0806 0.148203
0.0735121 2.79914 0.132875
0.0735121 3.0167 0.132185
0.802937 3.11999 0.131396
0.802937 3.11584 0.130759
0.0305713 1.86111 0.12199
0.452101 3.14032 0.121638
0.197184 3.12241 0.120968
0.0942848 3.11491 0.120499
0.131725 3.10193 0.120153
0.711874 3.12415 0.120153
1.0226 3.11639 0.119742
0.915143 3.11251 0.119443
0.63049 3.11299 0.119111
0.502081 3.11772 0.118814
0.293803 3.12419 0.118147
0.405278 2.58291 0.117679
1.21665 2.52965 0.117173
3.3371 2.5337 0.117173
3.3371 2.46783 0.116204
8.22006 2.45325 0.115577
17.4956 2.45176 0.114983
22.5671 2.45445 0.114359
27.6407 2.43778 0.113612
32.5421 2.42962 0.112923
32.5421 2.43374 0.112233
42.3473 2.41777 0.11154
47.2943 2.40934 0.110628
50.3688 2.39989 0.109966
50.3688 2.37883 0.10918
55.3462 2.34519 0.108275
58.8208 2.32649 0.107659
62.9345 2.31686 0.107
64.3809 2.30947 0.106437
65.8082 2.30311 0.105916
65.8082 2.31149 0.105289
68.3718 2.31495 0.10477
68.9275 2.31622 0.104397
68.9275 2.31485 0.104061
69.4102 2.30602 0.103677
70.0305 2.29685 0.103177
69.8375 2.28087 0.103177
69.7284 2.26298 0.10249
69.6119 2.25104 0.102093
69.1784 2.23923 0.101816
69.1086 2.22451 0.101528
69.1666 2.21214 0.101297
68.9918 2.20372 0.101038
68.6451 2.19866 0.100775
69.3961 2.19756 0.100387
70.7541 2.20411 0.0998961
69.9225 2.20926 0.0998961
68.669 2.21235 0.0992722
67.9626 2.2127 0.0988256
67.3409 2.21579 0.0983439
67.8795 2.22093 0.0971259
69.1942 2.22653 0.0964584
69.135 2.23484 0.0964584
68.3262 2.2431 0.0949585
67.2864 2.24505 0.0939196
67.1898 2.24383 0.0931242
66.8389 2.24282 0.0931242
64.3943 2.24298 0.0918448
63.2103 2.22785 0.0908968
62.8382 2.21605 0.0899869
63.0757 2.20597 0.088939
63.5057 2.20274 0.0869422
62.6657 2.20054 0.0869422
61.7118 2.20018 0.0855739
60.3497 2.1918 0.0843023
58.5337 2.18079 0.083252
57.8227 2.16752 0.0820578
57.8097 2.1609 0.0805631
56.4057 2.1595 0.0794068
48.8815 2.15493 0.0781316
38.9246 2.12961 0.0770456
38.9246 2.06471 0.0756339
26.6726 1.90175 0.0745645
29.5041 1.82333 0.0733358
33.379 1.88935 0.0716934
37.5813 1.99614 0.0700663
43.1985 2.04648 0.0683656
43.1985 2.09656 0.0664082
47.3279 2.14679 0.0640169
47.2587 2.15896 0.0640169
47.2587 2.18369 0.0598576
38.4026 2.14757 0.0578607
38.4026 2.09738 0.0560569
32.6676 2.02022 0.0540299
32.5493 1.97016 0.0519712
32.1162 1.9494 0.0498735
30.885 1.92628 0.0479754
30.9779 1.89 0.0458531
32.2637 1.89877 0.0432736
32.2637 1.94161 0.0404358
30.8683 1.89648 0.0384661
31.278 1.89105 0.0362712
32.0657 1.89216 0.0343002
30.5351 1.8285 0.0323709
29.4197 1.78647 0.0301397
29.9314 1.79919 0.0284412
29.0987 1.81264 0.0264474
27.8382 1.79813 0.0250808
28.2461 1.80585 0.0240056
28.5668 1.79915 0.0233621
27.023 1.78106 0.0230157
25.8986 1.70304 0.0230784
25.2599 1.68149 0.0235245
23.3891 1.68891 0.0242626
22.9021 1.62592 0.0239138
21.6112 1.61645 0.0239985
19.855 1.6214 0.0244035
18.9775 1.60766 0.0250504
18.6526 1.62443 0.0259768
18.4026 1.6084 0.0272947
18.0717 1.59963 0.0286418
16.9756 1.59781 0.0310257
16.7953 1.59775 0.0310257
15.893 1.59798 0.0334432
14.8149 1.59431 0.0355945
16.1914 1.59213 0.0374346
18.2354 1.49946 0.0392678
16.4944 1.45047 0.0432089
15.0758 1.3998 0.0432089
15.1945 1.39353 0.0469478
16.5471 1.45528 0.0493588
15.0738 1.46857 0.0493588
11.5881 1.46434 0.0519658
11.671 1.49445 0.0539945
12.1281 1.56853 0.0559121
12.2253 1.54976 0.0577392
10.5117 1.52876 0.059373
9.19656 1.57188 0.0626545
8.15398 1.58117 0.0626545
7.21118 1.58297 0.064735
5.56445 1.58143 0.0662404
4.70973 1.58763 0.0679107
5.4088 1.59172 0.0693888
4.25489 1.58994 0.0713896
4.06217 1.58469 0.0730132
3.87359 1.58906 0.0741271
3.87359 1.60014 0.075336
5.0273 1.60321 0.075336
5.55083 1.60356 0.0775128
5.47464 1.60426 0.0784493
5.24993 1.60468 0.0803684
5.65554 1.60511 0.0812721
5.90574 1.60527 0.0821665
6.00937 1.60544 0.0821665
5.65593 1.60548 0.0834907
4.78747 1.60516 0.084355
4.78747 1.60471 0.0853304
4.28585 1.60455 0.0861098
4.28585 1.60458 0.0868069
3.24723 1.60374 0.0876697
0.900957 1.59793 0.0882717
0.498138 3.08122 0.0971817
0.921873 3.0885 0.0833361
0.143474 3.09718 0.0828461
0.775861 3.09084 0.0678941
1.21268 3.09938 0.0676501
1.4591 3.10052 0.0673664
0.262651 3.09828 0.0673664
0.730198 3.09187 0.0611042
1.05809 3.09888 0.0610074
0.523041 3.09712 0.0609193
0.266702 3.07823 0.0441374
0.940354 3.09853 0.0439324
0.906803 3.10043 0.0437413
0.660009 3.09961 0.0434934
0.0241205 3.09476 0.0433271
0.965667 3.09942 0.0382193
0.767985 3.10103 0.0381056
0.368904 3.09388 0.0367666
0.0104384 2.06744 0.0342331
0.53247 3.098 0.0342089
0.594689 3.0998 0.0341894
0.182306 3.09779 0.0341594
0.352677 3.09579 0.0341594
