0.193318 2.48117 0.015853
0.816957 2.09006 0.0161676
1.71568 1.75355 0.0165241
2.91667 1.60286 0.0171469
4.24992 1.58245 0.0171469
7.01698 1.58127 0.0175483
9.2342 1.58135 0.0178685
11.3751 1.58152 0.0181889
14.0165 1.58163 0.0184335
16.3361 1.5817 0.0189323
19.2616 1.58175 0.0189323
21.1854 1.59831 0.0192719
23.1599 1.61332 0.0195562
25.4887 1.62997 0.0198946
27.3446 1.64094 0.0201707
27.3446 1.64214 0.020411
30.0147 1.62118 0.020411
31.2898 1.589 0.0209718
32.2675 1.55995 0.021217
33.166 1.53622 0.0214675
34.0419 1.50978 0.0217781
34.6394 1.49546 0.0220314
35.2379 1.48745 0.0224266
35.6852 1.46977 0.0226545
35.118 1.45732 0.0228198
35.118 1.45265 0.0230084
34.8613 1.44934 0.0230084
30.1433 1.43938 0.0233569
27.6707 1.41005 0.0235447
24.9733 1.38799 0.0240153
23.0387 1.35819 0.0240153
22.2877 1.33621 0.0244372
21.8003 1.31784 0.0248284
21.7271 1.29907 0.0253592
21.4176 1.27332 0.0261814
21.599 1.25529 0.026829
21.5662 1.25461 0.0275354
21.7317 1.25844 0.0284925
21.934 1.28523 0.0293366
22.0625 1.29293 0.0307336
21.5236 1.28296 0.0317718
22.1352 1.27377 0.0327233
22.1028 1.27625 0.0337015
21.7129 1.26978 0.0348113
20.0809 1.2371 0.0361742
18.6049 1.21231 0.0373228
17.5282 1.20486 0.0384902
17.5282 1.18136 0.0400182
16.2853 1.1423 0.0412208
15.4236 1.08216 0.0421595
15.2883 1.05354 0.0433351
15.7152 0.981618 0.044396
16.6738 0.949995 0.0454667
16.9857 0.926945 0.0465581
17.2808 0.914346 0.0476581
17.2808 0.892252 0.0497979
16.974 0.894177 0.0510781
15.8854 0.893454 0.0522303
15.8132 0.923021 0.0534005
13.9658 0.907767 0.0546918
12.0078 0.900649 0.0560052
11.086 0.893128 0.0572067
10.4449 0.828318 0.0584126
10.4648 0.802853 0.0590098
10.4648 0.753677 0.0592918
10.3211 0.69108 0.0598119
10.5403 0.660988 0.0598119
11.6902 0.676464 0.0606019
12.0377 0.677416 0.060977
12.5614 0.679231 0.0614069
13.4975 0.694631 0.0618284
13.4277 0.688297 0.0618284
13.0509 0.694761 0.0629572
12.1131 0.682437 0.0633757
11.5507 0.709507 0.0637789
11.3245 0.714937 0.0637789
10.9745 0.701807 0.0641885
11.039 0.680913 0.0647369
11.0384 0.646179 0.0650867
11.3748 0.635544 0.0654846
10.9085 0.631409 0.0659869
9.91082 0.592465 0.0664181
9.0812 0.505113 0.0667667
8.97353 0.449443 0.0670964
8.44179 0.411841 0.0676507
8.56155 0.43528 0.067874
8.56155 0.44378 0.067874
7.96932 0.472326 0.0683043
7.96932 0.53791 0.0683043
6.66804 0.528489 0.0688435
5.68665 0.48884 0.0690531
4.50846 0.469672 0.0692211
3.59213 0.474337 0.0693873
2.73938 0.466948 0.0695282
2.21755 0.465321 0.0696469
1.23552 0.464744 0.0697525
1.23552 0.464243 0.0699284
0.158282 1.57035 0.0618151
0.172529 1.57372 0.0615178
0.0894498 1.56219 0.0577712
0.0133212 1.30045 0.0471193
0.221879 1.52151 0.0086107
0.361216 1.5699 0.00879855
0.376771 2.85125 0.00304151
1.23247 3.07621 0.00240232
1.43798 3.07786 0.00207258
2.5232 2.97198 0.00214442
3.5987 2.7782 0.00255152
4.87074 2.70961 0.00255152
7.15383 2.59762 0.0043517
8.14731 2.54155 0.00513482
9.25274 2.48435 0.00513482
10.4552 2.44068 0.00632607
11.4944 2.40511 0.00708074
12.0831 2.39732 0.00832882
14.2234 2.38108 0.00921291
16.5842 2.35684 0.0101138
19.9068 2.33001 0.00826361
23.3899 2.31309 0.00724032
26.6505 2.29224 0.00724032
29.6156 2.27293 0.00592048
30.35 2.25171 0.00501537
31.0146 2.22534 0.00401086
30.3474 2.19395 0.0022122
29.0125 2.16277 0.0022122
27.7523 2.12233 0.0011023
27.3562 2.07869 0.000977351
27.5539 2.04313 0.00159703
27.9616 2.02734 0.00293229
28.1939 2.01181 0.00382413
28.511 1.95983 0.00478486
30.2152 1.92436 0.0055026
30.118 1.89378 0.00632479
29.8967 1.83156 0.00768551
29.5452 1.79352 0.00768551
29.6736 1.74554 0.00856679
30.9814 1.71982 0.00933912
32.0772 1.68726 0.00995577
34.1715 1.66975 0.0105757
34.8432 1.67014 0.0111887
35.9691 1.67307 0.0118226
37.1778 1.66782 0.0124442
38.6648 1.6777 0.0131853
39.8498 1.6891 0.0139127
40.8574 1.69233 0.0149656
40.8574 1.71826 0.0158099
42.2994 1.73419 0.0171721
42.6831 1.74662 0.0183801
42.2549 1.75419 0.019755
39.995 1.73137 0.0212616
36.7563 1.70192 0.0223834
35.7158 1.68114 0.0235294
35.7158 1.66886 0.0251343
35.0062 1.6344 0.0265357
35.6028 1.60725 0.0278759
35.6007 1.59659 0.0294236
34.0326 1.58447 0.0316352
32.3593 1.57991 0.0331165
31.6881 1.58869 0.0348266
32.316 1.57434 0.0364022
31.6686 1.5387 0.0385015
30.1376 1.51821 0.0385015
28.6903 1.51366 0.0420078
27.978 1.51296 0.0436644
25.5433 1.51259 0.0459101
23.2315 1.46231 0.0476312
21.7268 1.42372 0.0494102
21.6283 1.40372 0.0494102
20.6221 1.37885 0.0518795
20.0883 1.33257 0.0545784
20.0788 1.25408 0.0564448
19.8032 1.15345 0.0582832
20.1986 1.06357 0.0602253
19.7749 1.02616 0.0619122
20.5637 0.968352 0.0646389
19.8616 0.853482 0.0662108
18.8798 0.791267 0.067724
18.8798 0.764048 0.0695177
18.1373 0.74498 0.0717117
18.3705 0.660635 0.0729884
19.1646 0.649635 0.0743363
18.7434 0.640843 0.0754654
18.4429 0.618185 0.0766672
18.1058 0.606601 0.0777212
17.0796 0.577594 0.0787266
17.0796 0.5558 0.0799855
17.0051 0.54185 0.080993
17.3797 0.497829 0.0818656
18.2196 0.576543 0.0829228
17.8396 0.612034 0.0840615
17.191 0.661178 0.0848151
16.5662 0.709219 0.0855429
16.8502 0.786137 0.0861604
16.2757 0.817779 0.0866543
15.5852 0.815266 0.086945
15.6496 0.794559 0.0872276
16.4119 0.854261 0.0874901
16.7051 0.95692 0.0877535
16.9192 1.06084 0.0880593
16.6532 1.186 0.0880593
16.1739 1.25017 0.0883009
16.842 1.2892 0.0885368
16.4462 1.29882 0.0887312
16.4147 1.27407 0.0888679
15.5946 1.30161 0.0890338
14.9932 1.30217 0.0892073
14.4345 1.31266 0.0894023
12.6853 1.32353 0.0896038
11.7132 1.27634 0.0897362
11.2361 1.23362 0.0898735
11.2361 1.22556 0.0900989
12.5503 1.35263 0.0904596
11.7762 1.49262 0.0907519
10.1156 1.51186 0.090999
9.95782 1.48414 0.0912425
10.1569 1.44804 0.0915051
9.94147 1.46922 0.0917886
9.73074 1.50288 0.0920873
8.65941 1.51223 0.0925753
6.22403 1.51235 0.0927455
6.22403 1.51184 0.0925976
3.61627 1.32952 0.0924548
3.41767 1.38562 0.0924392
3.09523 1.32932 0.0924949
0.909334 1.43177 0.0925737
0.253532 1.45735 0.0926708
0.253532 1.49879 0.0929147
0.0330956 1.34781 0.100645
0.142735 3.10228 0.104636
0.273584 1.58631 0.105332
0.273584 1.59597 0.105332
0.273584 1.59701 0.105332
0.273584 1.59726 0.105332
0.273584 1.59741 0.105332
0.273584 1.59756 0.105332
0.273584 1.5977 0.105332
0.273584 1.59784 0.105332
0.273584 1.59798 0.105332
0.273584 1.59811 0.105332
0.273584 1.59825 0.105332
0.273584 1.59839 0.105332
0.273584 1.59852 0.105332
0.273584 1.59866 0.105332
0.273584 1.5988 0.105332
1.40314 1.59893 0.105332
1.49866 1.62616 0.105865
1.31855 1.62658 0.10637
1.02898 1.62544 0.106987
0.690497 1.62272 0.107585
0.915527 1.62209 0.108179
0.183565 1.61614 0.108882
0.36768 3.09956 0.110277
0.60894 3.0895 0.110306
0.296279 3.10319 0.109804
1.29873 3.08399 0.109627
1.34608 3.08287 0.109349
0.529308 3.08632 0.10906
0.137716 3.09966 0.108696
0.511013 3.09278 0.102926
1.69295 3.08239 0.102926
2.29227 3.08119 0.101848
2.36662 3.0808 0.100929
0.494088 3.08068 0.0996603
0.236633 1.59698 0.090308
0.408928 1.59864 0.0897636
0.906732 3.0857 0.0854596
0.0670051 3.06141 0.0825733
0.066375 3.09029 0.0821573
0.0984744 3.0678 0.0791621
0.65672 3.09162 0.0771529
0.159857 3.09019 0.0762802
0.206725 3.09752 0.0758264
0.0756991 3.11072 0.0753088
0.363854 3.09338 0.070464
0.85769 3.08526 0.0701213
0.129352 3.10561 0.0659902
0.0738587 3.09581 0.0637264
0.542368 3.08968 0.0634284
0.937563 3.08093 0.0630617
1.74126 3.08132 0.0627152
1.85066 3.08045 0.0619028
1.72897 3.08042 0.0619028
1.10195 3.0809 0.0613682
0.39086 3.08295 0.0609146
0.233454 3.09776 0.057999
1.00281 3.08286 0.0568093
0.712514 3.08283 0.0567323
0.0557635 3.09305 0.0566587
0.565653 3.08606 0.0557142
0.200008 3.0974 0.0552321
1.17016 3.08185 0.0549344
0.971505 3.08168 0.0546292
1.13316 3.08122 0.0542697
0.72318 3.08222 0.0537901
0.364264 3.08516 0.0534269
0.0609065 3.0984 0.0514952
0.409184 3.09144 0.0512624
0.668426 3.08428 0.0502299
1.18636 3.0812 0.0502088
0.36799 3.08367 0.050177
0.812975 3.0854 0.0494925
0.25537 3.08663 0.0492938
0.778258 3.08267 0.0490731
1.62058 3.08036 0.0487704
1.49396 3.08022 0.0485027
1.45943 3.08025 0.0482259
1.41281 3.0803 0.0478758
0.809285 3.08124 0.0475908
0.996737 3.08135 0.0475908
0.662387 3.08624 0.0456837
0.662387 3.08254 0.0456837
0.218524 3.09146 0.0454964
1.19122 3.08101 0.0454667
1.78692 3.07989 0.0454344
0.49516 3.08148 0.0453483
0.34255 3.09253 0.0448366
0.34255 3.08598 0.0446571
1.61897 3.08001 0.0445248
1.39005 3.08003 0.0442855
0.461518 3.08181 0.0441039
0.456516 3.08862 0.043579
0.327396 3.0849 0.043412
0.304322 3.08575 0.0432527
0.7348 3.08449 0.0429867
1.41433 3.08052 0.0429629
1.83039 3.07997 0.0429066
1.83039 3.07958 0.042846
2.10097 3.0794 0.0427603
1.7549 3.07956 0.0427148
0.000353894 3.07982 0.0426688
0.0752013 3.1102 0.0423167
0.891864 3.08104 0.0422539
1.37031 3.07996 0.0421831
1.53046 3.07972 0.0420733
1.41231 3.0797 0.0419759
1.21294 3.07979 0.0418673
1.21294 3.08001 0.0417396
0.643079 3.08123 0.0416682
0.480398 3.08384 0.0414715
0.822211 3.08107 0.0414225
0.753725 3.08092 0.0412843
0.637218 3.08127 0.0412843
0.637218 3.08137 0.0411301
0.318004 3.08611 0.0405643
0.766437 3.0812 0.0403913
2.35117 3.07949 0.0401819
2.35117 3.07913 0.0398331
2.01294 3.0792 0.0394519
2.54216 3.07912 0.0394519
1.01908 3.07936 0.0389704
0.253298 3.0817 0.0380849
0.480943 3.08225 0.037663
0.408398 3.08256 0.0372436
0.614462 3.08149 0.0368564
0.818137 3.08059 0.0364327
0.566124 3.08116 0.0361232
0.504217 3.08212 0.0352506
0.856911 3.08039 0.0352506
0.856911 3.08027 0.0352506
0.71966 3.08042 0.0349186
0.335721 3.08206 0.0347271
0.189863 3.08959 0.0337556
0.860312 3.08067 0.0334722
1.67742 3.07943 0.0334722
1.15524 3.07947 0.0330869
0.46487 3.08501 0.0309639
0.438893 3.08199 0.0308029
0.282449 2.61832 0.0307285
0.122401 1.76493 0.0306422
0.30348 1.61681 0.0306835
0.203969 1.62239 0.0307249
0.835459 3.08094 0.0309258
1.07562 3.07993 0.0309218
0.662117 3.08005 0.0308582
0.963313 3.07993 0.0307579
1.45485 3.07953 0.030582
1.90025 3.0792 0.0304235
2.25284 3.07909 0.0301493
2.42507 3.07897 0.0299722
0.268137 3.07892 0.0297372
0.312221 3.08731 0.0284161
0.312221 3.08312 0.0281354
1.43522 3.0792 0.0278328
1.14098 3.07927 0.0276429
0.578115 3.07986 0.0274633
0.0976401 3.08197 0.0272932
0.0861016 1.59754 0.026926
0.192185 3.09198 0.0269669
1.0583 3.08048 0.0269721
0.679454 3.07994 0.0269522
0.334545 3.08082 0.0268593
0.902053 3.08036 0.0267567
0.567533 3.08017 0.0266453
0.377988 3.08401 0.0261185
0.785284 3.08061 0.0261185
0.777563 3.08002 0.0258813
1.10615 3.07968 0.0257093
1.20056 3.07949 0.02547
0.454633 3.07938 0.025345
0.170935 1.70599 0.0250278
0.0659578 1.6223 0.0248702
0.901185 3.08021 0.0244889
1.23922 3.07972 0.0243662
1.53302 3.07922 0.0242075
1.82621 3.07904 0.0240263
2.03227 3.07894 0.0238382
2.0639 3.0789 0.0236424
1.52446 3.07898 0.0233768
0.317165 3.07908 0.0231774
0.317165 3.08082 0.0229077
0.96543 0.597264 0.0220599
1.04517 3.07962 0.0220264
0.721246 3.0801 0.021868
0.00245725 3.08487 0.0217975
1.08564 3.08031 0.0214695
1.97432 3.07905 0.0214173
0.888273 3.0791 0.0213481
1.348 3.07935 0.0205488
2.31546 3.07911 0.020338
1.15691 3.07879 0.0200692
0.163421 3.07912 0.0198561
0.237328 3.08134 0.0196417
0.788968 3.08027 0.0194134
0.931265 3.07955 0.0192321
1.14172 3.07931 0.0189439
0.7032 3.07959 0.0189439
0.0534484 2.63793 0.0187761
0.0534484 1.70652 0.0187267
0.0842366 1.61395 0.0187297
1.34565 3.07948 0.0187936
1.2778 3.07909 0
0.998918 3.07917 3.03518e-05
0.366219 3.08332 0.000312502
1.16254 3.0796 0.000386656
1.16254 3.07917 0.00045129
0.743692 3.07904 0.000490158
0.307527 3.08172 0.00085776
1.239 3.07909 0.000943884
1.6613 3.07905 0.00106041
1.96745 3.07883 0.00121885
2.02382 3.07877 0.00138594
2.03107 3.07876 0.00158316
1.9313 3.07877 0.00177448
1.4357 3.07877 0.00205101
1.4357 3.07891 0.0022519
0.218006 3.08065 0.00252195
0.0512715 1.61422 0.00304541
0.0843092 1.60837 0.00316096
0.467694 3.02819 0.0032419
0.467694 3.09167 0.00327985
1.58225 3.07935 0.00327077
0.0743632 3.09761 0.00327843
0.283194 3.08304 0.00357139
0.347773 3.08087 0.00361167
1.51743 3.079 0.00458333
2.15991 3.07871 0.0047483
0.501952 3.07918 0.00492086
0.41505 3.0799 0.00510589
0.280064 3.08069 0.00528946
1.06088 3.0791 0.0054589
1.68889 3.07879 0.00560289
2.17136 3.07867 0.00560289
1.03169 3.07879 0.0057927
0.359884 2.90501 0.00587521
0.208492 1.90124 0.00595444
0.239796 1.63017 0.00598848
0.0623909 1.62695 0.00597993
0.839539 3.08161 0.00591731
1.64539 3.07894 0.00591135
1.64539 3.07877 0.00590853
1.64539 3.07875 0.00590853
1.64539 3.07875 0.00590853
1.64539 3.07874 0.00590853
0.899028 3.07918 0.00663045
1.12841 3.07895 0.00672372
1.34788 3.07884 0.00681208
0.789954 3.07999 0.00741896
0.789954 3.0792 0.00752253
0.94121 3.07875 0.00758406
0.94121 3.07896 0.00764658
0.729906 3.08412 0.00800775
0.729906 3.07929 0.0080082
0.565126 3.07938 0.00801569
0.179634 3.0829 0.00798788
0.381041 3.08024 0.00797781
1.34762 2.75435 0.00796663
2.33032 2.63624 0.00795305
2.88743 2.49208 0.00795305
2.91809 2.44404 0.00795059
2.87003 2.4361 0.00796504
0.838326 2.38871 0.00801156
0.838326 2.3405 0.00810039
0.466482 2.70308 0.00831247
0.945963 3.064 0.00844344
1.06901 3.07934 0.00856922
1.06901 3.07893 0.00869223
1.46938 3.07873 0.00885597
0.832753 3.07891 0.00893991
1.22862 2.01456 0.009587
0.160746 1.94807 0.00951665
0.0966445 1.39609 0.00926988
0.0491283 0.468016 0.00913873
0.434003 2.55607 0.00920405
0.0558968 1.67072 0.0099658
1.48127 2.01909 0.00745227
1.48127 2.02715 0.00745227
0.30093 2.5567 0.00633238
0.32641 2.58843 0.00599221
0.664916 2.62314 0.00617057
0.0353835 2.52859 0.00688328
0.350995 2.57908 0.0164187
0.819822 2.59929 0.0177013
0.145834 2.63362 0.0194183
0.0141006 0.171216 0.0246112
1.7228 1.50651 0.0317542
4.07466 1.5358 0.0313673
6.25263 1.54916 0.0310046
10.7746 1.55268 0.0307376
10.7746 1.61476 0.0303881
17.5701 1.67249 0.030242
21.8681 1.65422 0.0302969
26.8731 1.63673 0.0304037
30.6159 1.63971 0.0306025
33.4278 1.64887 0.0310287
37.6236 1.65911 0.0315281
40.2722 1.67132 0.0321361
40.2722 1.67895 0.0333782
45.4075 1.7286 0.0327035
50.4251 1.74424 0.0314327
50.8361 1.74417 0.0304616
48.2748 1.73441 0.0296389
48.2748 1.72347 0.0288451
50.458 1.709 0.0278766
49.9884 1.69028 0.0273441
49.9884 1.68127 0.0268617
50.5833 1.66915 0.0266344
49.1237 1.6816 0.0266011
48.3349 1.71582 0.0266252
49.3076 1.72299 0.026774
47.5557 1.69221 0.0271375
43.6427 1.65511 0.0277248
42.7525 1.62999 0.0283355
42.7525 1.61336 0.0294258
40.7572 1.58994 0.0299364
41.6238 1.56886 0.02829
40.4998 1.55994 0.0262969
38.1138 1.56173 0.0245142
35.7407 1.55805 0.0227196
35.7407 1.55784 0.0202392
36.343 1.55778 0.0183795
38.5479 1.55783 0.0165387
37.8015 1.55782 0.0154619
40.802 1.55787 0.0146587
38.6693 1.55785 0.0145459
39.5962 1.55827 0.0149921
40.9396 1.55831 0.0159106
41.4612 1.55799 0.0172094
40.3445 1.55792 0.0188225
40.3445 1.5579 0.0188225
41.5456 1.55791 0.0219422
39.4784 1.5579 0.0265336
39.4524 1.55789 0.0288996
40.6883 1.55772 0.0318649
38.9792 1.55787 0.0346146
40.2795 1.5579 0.037116
37.8851 1.55788 0.039579
37.2734 1.55786 0.039579
36.4613 1.55785 0.0429744
33.9011 1.5578 0.04401
34.5312 1.55367 0.04401
31.5313 1.54555 0.0457481
31.2513 1.54184 0.0485525
29.1427 1.52327 0.0500955
26.4634 1.49422 0.0519485
27.6883 1.45772 0.0519485
25.305 1.42359 0.0547454
25.8501 1.40147 0.0568523
25.3051 1.40478 0.0588577
24.2613 1.43808 0.0630493
25.0878 1.46684 0.0630493
23.5414 1.45842 0.0655092
24.9932 1.44013 0.0687348
23.8915 1.41948 0.0710652
22.6287 1.40663 0.074624
23.2823 1.40836 0.0767089
20.9234 1.40002 0.0790053
23.2444 1.38762 0.0814601
25.1472 1.36692 0.0839933
23.3279 1.34783 0.0862167
24.1017 1.34525 0.0907749
22.6187 1.34662 0.0907749
22.6187 1.34521 0.0942796
20.6905 1.37587 0.0968812
19.7136 1.36587 0.0989821
20.1125 1.32827 0.1006
21.8165 1.3073 0.102037
21.7684 1.29779 0.103338
19.3309 1.2858 0.104588
19.3473 1.28595 0.105816
19.4156 1.29257 0.107545
19.4156 1.30874 0.108991
17.5258 1.28634 0.110667
17.2438 1.26748 0.112072
19.1057 1.2673 0.113475
17.8932 1.23927 0.114678
18.0179 1.21013 0.115997
18.7017 1.22114 0.117236
18.7017 1.22762 0.119045
18.154 1.21509 0.120287
19.4979 1.22512 0.121543
21.1552 1.24294 0.122784
21.1552 1.23657 0.12451
23.8563 1.25112 0.126025
24.7826 1.26985 0.127139
26.2478 1.27977 0.128241
28.023 1.2835 0.129706
29.5363 1.28394 0.129706
28.8105 1.29016 0.131574
30.1226 1.29601 0.131574
30.5396 1.30676 0.131574
31.6304 1.32129 0.131574
32.2002 1.33029 0.131574
32.2002 1.33149 0.131574
31.1907 1.31624 0.131574
31.3585 1.31302 0.131574
31.0201 1.35115 0.131574
32.4911 1.35989 0.141531
33.2593 1.36219 0.142756
32.7597 1.33595 0.14333
32.564 1.30734 0.143849
32.4892 1.31369 0.144401
33.1062 1.3379 0.14499
33.1062 1.35234 0.145915
35.2593 1.36918 0.146892
37.1237 1.36558 0.14762
37.8885 1.35512 0.148359
39.7884 1.3622 0.149235
40.8584 1.38369 0.150064
42.5596 1.41038 0.150932
43.2863 1.41369 0.151904
43.2863 1.41249 0.153064
43.1981 1.40978 0.153993
43.1435 1.42715 0.154942
44.1269 1.45116 0.156216
45.3105 1.46772 0.157131
45.6162 1.46055 0.158157
45.5607 1.44049 0.159106
43.8318 1.42102 0.160069
43.8318 1.41896 0.161512
43.0608 1.44114 0.162555
43.1872 1.4583 0.16379
43.3507 1.44827 0.164952
43.1486 1.42514 0.166432
42.9837 1.40266 0.167833
40.2841 1.39109 0.169549
38.8335 1.38376 0.170877
37.9554 1.35723 0.170877
37.683 1.31188 0.174102
37.9362 1.24336 0.175693
36.877 1.21067 0.177136
35.3206 1.19395 0.178584
34.414 1.17279 0.180243
34.4791 1.14037 0.181817
34.7644 1.09837 0.182929
33.6881 1.04923 0.182929
30.8826 1.00415 0.184955
28.6923 0.964896 0.186233
28.5254 0.955743 0.187404
28.6585 0.958069 0.188642
28.6652 0.950671 0.191515
27.5709 0.94504 0.191515
25.6807 0.9327 0.194144
23.0692 0.92815 0.194144
20.8065 0.932989 0.197202
19.7347 0.938797 0.197202
18.9447 0.913823 0.199227
18.4541 0.864104 0.200594
17.609 0.834433 0.201768
16.1813 0.798528 0.203973
14.7401 0.745102 0.20513
14.1658 0.733866 0.20513
14.1658 0.74715 0.206877
12.4646 0.770599 0.208144
10.5052 0.776918 0.209162
7.72686 0.83013 0.210172
7.72686 0.875437 0.211155
7.01781 0.825567 0.212645
7.14634 0.812828 0.213615
5.44999 0.790874 0.214575
5.44999 0.792802 0.215869
4.31059 0.919442 0.216963
4.21813 0.797481 0.217935
5.77241 0.751882 0.219125
5.94145 0.677636 0.22016
4.16434 0.697553 0.221064
4.16434 0.800988 0.221942
3.95733 0.741705 0.223082
4.51901 0.663538 0.224227
4.77865 0.704042 0.225086
3.86892 0.668379 0.225985
3.11202 0.648172 0.226771
2.98083 0.56307 0.227513
3.1549 0.535985 0.228131
2.1586 0.491564 0.22844
1.29362 0.559669 0.228742
1.29362 0.937442 0.229111
0.995917 1.37283 0.229521
0.829932 1.35678 0.229773
2.15903 1.2393 0.230008
1.55832 1.12511 0.230207
1.22697 1.47949 0.230373
0.350666 1.50582 0.230523
0.00606435 0.854192 0.219623
0.207894 1.43446 0.218807
0.133371 1.39299 0.00721275
0.375399 1.54922 0.00736785
0.781891 1.58947 0.00750179
0.324455 1.56978 0.00761394
0.0631524 2.93639 0.00776205
0.072207 3.04682 0.00775536
0.208315 3.06832 0.00775391
0.0601103 3.06683 0.00775963
0.0410767 0.779988 0.00653411
0.37808 3.07363 0.00705447
0.0497816 3.07627 0.00647901
0.00728503 1.48503 0.00462561
0.00728503 0.910872 0.00449721
0.456966 3.07624 0.00591804
0.898963 3.10931 0.00660238
1.38751 2.77268 0.00727619
1.65646 2.45299 0.00816165
3.4514 1.71457 0.0076601
3.4514 1.62705 0.00659142
5.44096 1.61854 0.0056062
7.57159 1.61368 0.00446291
10.8751 1.61184 0.00367455
13.7566 1.61159 0.00367455
13.7566 1.60872 0.00260058
20.4474 1.6068 0.00246505
25.4082 1.64216 0.00297884
28.4706 1.66965 0.00372464
31.5776 1.69062 0.00480763
35.3356 1.69665 0.00568604
38.2454 1.68877 0.00669261
41.6727 1.67934 0.0075959
44.524 1.66904 0.0075959
47.8936 1.65319 0.00979683
49.763 1.64178 0.00961317
51.4522 1.62954 0.00961317
52.6913 1.6244 0.00859872
53.3175 1.62343 0.00709013
53.3165 1.61296 0.00620063
53.5583 1.61173 0.00523976
53.1987 1.61081 0.00443677
53.8253 1.60914 0.0030433
54.7653 1.60747 0.00260562
54.8459 1.60678 0.00260562
54.6403 1.60636 0.0023925
53.8371 1.60625 0.00267683
52.8685 1.60601 0.00322733
51.4314 1.60666 0.00395225
50.1429 1.60691 0.00471313
49.1719 1.60654 0.00566259
48.3505 1.60574 0.00657345
47.5605 1.60535 0.00765038
46.7505 1.60489 0.00868066
46.7505 1.60483 0.01
45.4455 1.60505 0.011659
44.6506 1.60535 0.0128414
44.6506 1.60493 0.0140263
42.8248 1.60492 0.0154839
42.7236 1.6047 0.0168541
42.3832 1.60474 0.0182792
41.953 1.60484 0.0196139
40.8501 1.60496 0.0214668
39.3627 1.588 0.0230421
38.6786 1.56585 0.0245009
38.6786 1.54864 0.0260206
38.8702 1.53058 0.0277049
38.501 1.49783 0.0289244
37.5688 1.49402 0.0302252
35.1947 1.49112 0.0314775
35.1947 1.48931 0.0333031
34.9244 1.4663 0.0349254
33.8753 1.44628 0.03644
31.585 1.41721 0.0379926
30.3823 1.37938 0.0396356
29.4321 1.33041 0.0415471
29.4321 1.26875 0.0439047
27.1323 1.21672 0.045913
26.5343 1.18483 0.0484201
26.7191 1.09989 0.0505391
25.682 1.04017 0.0526445
23.8542 0.984183 0.0545785
24.5118 0.92945 0.0567667
24.6983 0.875955 0.0589435
22.8355 0.843745 0.0608721
20.955 0.828847 0.0630498
20.955 0.817921 0.0657114
20.4942 0.79529 0.0657114
17.204 0.741653 0.0683031
17.6273 0.690526 0.0706646
18.7072 0.636551 0.0745838
18.3346 0.528611 0.0767145
17.0269 0.434735 0.0788654
16.9603 0.408926 0.080857
17.3848 0.414224 0.0832761
15.6609 0.359357 0.0852137
13.8776 0.296031 0.0874083
13.6972 0.33117 0.0894226
14.1261 0.297865 0.0894226
13.5525 0.188848 0.0922737
13.4902 0.121051 0.0955906
14.2981 0.15127 0.0974594
14.3015 0.159355 0.0974594
13.0049 0.105874 0.0996035
13.0162 0.0790203 0.102992
13.5871 0.12676 0.104572
14.0086 0.0748598 0.106065
14.0176 0.0623992 0.107504
13.71 0.0611225 0.107504
14.8474 0.0609828 0.109735
14.9997 0.0609853 0.111127
13.9062 0.0609703 0.112885
13.1088 0.0609412 0.114314
12.8984 0.0609233 0.115589
12.0372 0.0609012 0.116834
11.028 0.0608609 0.118167
9.16563 0.0607491 0.120601
7.78488 0.0581927 0.121713
7.73005 0.0587982 0.121713
7.73005 0.0660281 0.123782
6.51584 0.0793326 0.124946
7.24666 0.20166 0.125957
8.65395 0.42302 0.126921
9.48367 0.570339 0.127847
8.52261 0.68985 0.128835
6.92553 0.793761 0.129722
6.27461 0.934904 0.130592
7.05816 1.06944 0.131428
8.21032 1.11563 0.131996
8.21032 1.0883 0.132441
8.58416 1.07801 0.133058
6.68184 1.17882 0.133472
6.34499 1.27521 0.133855
6.67713 1.42945 0.13425
7.16512 1.46781 0.134568
7.16512 1.46857 0.135014
6.02779 1.51838 0.135296
5.20546 1.53381 0.135578
6.20812 1.53749 0.135812
8.30202 1.39031 0.13597
10.1428 1.34119 0.136062
11.108 1.46901 0.136137
11.7531 1.52367 0.136163
13.0016 1.53063 0.136168
15.156 1.47552 0.13612
15.8791 1.49927 0.136043
15.2881 1.52972 0.135965
14.3591 1.53576 0.135897
13.3186 1.5189 0.135821
12.7736 1.44765 0.135726
12.344 1.4118 0.135588
10.6306 1.46545 0.135588
7.49957 1.50503 0.135341
5.80686 1.53232 0.134916
4.87477 1.53684 0.134412
4.29042 1.53756 0.133797
3.13655 1.53713 0.133148
1.01089 1.53313 0.132381
0.588671 1.59584 0.110089
0.916956 1.61237 0.109033
0.209313 1.57257 0.103403
0.322771 1.59298 0.103403
0.361028 1.59959 0.0945431
0.217606 3.04703 0.090418
1.02994 3.07525 0.0900767
1.02538 3.07573 0.0897458
0.143683 3.06695 0.0893149
0.619982 1.6086 0.0832564
0.589259 1.60927 0.0751506
0.611034 1.61291 0.0748651
0.71878 1.61455 0.074578
0.4469 1.61051 0.0741924
0.111122 2.98361 0.0735562
0.805946 3.07456 0.0735562
0.633966 3.07473 0.0730676
0.84653 3.07506 0.0727542
0.454329 3.07415 0.0720917
0.579818 3.072 0.0720917
0.549478 3.0732 0.0716381
0.220154 3.0732 0.0712094
0.849983 1.61987 0.0702334
1.20747 1.61741 0.0699304
0.645201 1.61706 0.0695959
0.437312 1.61333 0.069294
0.089862 1.53951 0.064591
0.240537 1.59809 0.0643726
0.492056 1.58999 0.0641491
0.492056 1.61144 0.0638545
0.634697 3.06904 0.0629551
0.660762 3.07462 0.0625149
0.652856 3.07502 0.0622018
0.285496 3.07294 0.0619436
0.205532 3.06887 0.0616339
0.0501769 1.54736 0.0609338
0.651647 1.60977 0.060722
0.387046 1.61293 0.060505
1.21444 1.61731 0.0602405
0.766855 1.61821 0.0600099
0.766855 1.61717 0.05969
0.271975 1.61075 0.0593863
0.470667 1.61194 0.0591854
0.782195 3.07563 0.0577405
0.500155 3.07419 0.0575437
0.0762795 3.06185 0.0572985
0.0881035 1.55994 0.0564686
0.24013 3.07172 0.0561171
0.328084 3.06741 0.0554113
0.000701287 3.02903 0.0552545
0.361769 2.1985 0.0535055
0.26359 1.59188 0.0531306
0.362476 1.60875 0.0530056
0.169698 1.60645 0.0528803
0.072952 2.97645 0.0518733
0.072952 3.03168 0.0517453
0.915309 3.07762 0.0516432
0.139856 3.07738 0.0515507
0.163221 1.61285 0.0512677
0.208868 1.58898 0.051099
0.208868 1.60268 0.0509773
0.552878 3.08521 0.050808
0.897395 3.07744 0.0507329
0.82561 3.0774 0.0506591
1.13003 3.07719 0.0505913
1.13003 3.07791 0.0505146
0.736149 3.07701 0.0504228
0.31335 3.07336 0.0503361
0.546403 1.64028 0.0501959
0.941742 1.62055 0.0501159
0.72601 1.61877 0.0500442
0.556182 1.61987 0.0499659
0.234509 3.07046 0.0496215
0.362472 2.23767 0.049553
0.27831 2.91355 0.0494722
0.326478 3.0702 0.0490142
2.97597 0.0604807 0.0488741
7.50756 0.454705 0.0488741
12.4947 0.624926 0.04824
15.3836 0.637465 0.0479818
16.4331 0.705642 0.0477273
14.9677 0.726319 0.0477273
8.49761 0.79381 0.0474412
3.54617 0.993694 0.0472787
1.03126 1.24795 0.0471159
0.909295 1.5213 0.0467897
0.327825 1.60413 0.0447789
0.0817766 1.60641 0.0444329
0.306351 1.61028 0.041282
0.0615644 1.58629 0.0408856
0.426711 1.61222 0.040531
0.0200543 1.61625 0.0401986
0.0200543 1.57907 0.0397623
0.0434362 1.53095 0.0381339
0.285397 1.61045 0.0378216
0.504865 1.61604 0.0365846
0.469129 1.61741 0.0363386
0.0461962 1.54026 0.035389
0.0344987 1.54354 0.035389
0.708495 3.08 0.034661
0.0227297 3.0688 0.0344363
1.07299 3.07804 0.0344363
0.904925 3.07847 0.0340643
0.904925 3.07825 0.0338452
1.10846 3.07844 0.0335824
1.10846 3.07857 0.033368
0.624522 3.07782 0.033368
0.382139 3.07679 0.0330187
0.209087 2.72515 0.0327909
0.341515 1.703 0.0324081
0.505304 1.62495 0.0322549
0.179825 1.61467 0.0321182
0.390854 1.61608 0.0319883
0.540315 1.61833 0.0318793
0.558506 1.61885 0.0318793
0.1098 1.61569 0.0315674
0.682625 2.95171 0.0315674
0.773722 3.08989 0.0313819
1.53612 3.07967 0.0312351
1.47015 3.07911 0.0310704
1.34638 3.07896 0.0307624
0.85099 3.07847 0.0306035
0.821129 3.07821 0.0306035
0.489982 3.07766 0.0303667
0.465768 2.47245 0.0302137
0.427946 1.69749 0.0300444
0.488645 1.62713 0.0299233
0.154018 1.61726 0.0298095
0.381308 1.61499 0.0296577
0.506689 1.61658 0.0295633
0.403298 1.618 0.0294665
0.316838 1.61675 0.029348
0.229831 2.22272 0.0292562
0.636599 3.10503 0.0291364
0.44671 3.10357 0.0290147
1.01073 3.09489 0.0288471
1.66736 3.08026 0.0286821
1.71025 3.07932 0.0285314
1.71806 3.07926 0.0283299
1.71806 3.07925 0.0283299
1.71806 3.07926 0.0283299
0.318686 3.10308 0.0281365
0.0155774 2.88994 0.0277265
0.538872 1.68787 0.0274361
0.240581 1.62765 0.027287
0.312218 1.61706 0.0271539
0.379946 3.09811 0.0268645
0.826534 2.84834 0.0268645
0.787064 2.80977 0.026671
1.22486 2.1386 0.0264899
1.14979 1.66507 0.0263773
0.680936 1.62781 0.0262672
0.138143 1.62001 0.0261967
0.267551 1.61416 0.0260974
0.344076 1.61449 0.0260496
0.259514 1.61491 0.0260496
0.301115 2.46628 0.0259798
1.63505 3.09264 0.0259225
2.63211 3.08031 0.025863
1.89447 3.07967 0.0257894
0.230006 2.81339 0.0256388
0.0277035 2.3038 0.0255162
0.680249 3.09569 0.0253882
1.38155 3.08183 0.0252458
2.27549 3.07938 0.0250578
3.02353 3.07952 0.0249262
1.54104 3.08396 0.0247717
0.66857 3.08012 0.0246268
0.528267 3.07884 0.0244691
0.543278 3.07763 0.0243365
0.351124 2.61867 0.0241533
0.634954 1.69134 0.0240024
0.634954 1.62605 0.0238178
1.15162 1.62196 0.0236543
1.91848 1.62253 0.0235237
0.666184 1.62211 0.0234267
0.352894 1.62 0.0233369
0.673351 1.61961 0.0232501
0.987456 1.62099 0.0231748
0.77888 1.62116 0.0231091
0.77888 1.62093 0.0229954
0.00903506 1.61277 0.0229356
0.870201 3.10543 0.0228731
0.288906 3.08353 0.0228043
0.919847 3.07887 0.0227292
1.53659 3.07925 0.0226396
1.70625 3.07943 0.0225596
1.96836 3.07938 0.0224713
1.96836 3.07946 0.0223747
1.49885 3.07946 0.0222883
1.49885 3.0793 0.0222084
0.283994 2.68396 0.0220876
0.828501 1.68464 0.0219853
1.0774 1.62757 0.0218836
0.917303 1.62223 0.0217936
0.87503 1.62141 0.0217026
0.70964 1.62082 0.0215859
0.484801 2.7306 0.0214945
1.26089 3.09593 0.0214046
1.57146 3.0809 0.0213082
1.72364 3.07957 0.0211967
1.07713 3.07907 0.0210797
0.93545 3.07885 0.0209341
0.981954 3.07885 0.0207925
1.3111 3.07912 0.0207925
1.20568 3.05329 0.0206268
1.16515 1.93064 0.0203802
1.04312 1.65759 0.0202934
0.325623 1.62888 0.020211
0.705998 1.62136 0.0201482
0.680252 1.62076 0.0200895
0.894376 1.62136 0.0200345
0.867346 1.62137 0.0200345
0.253278 2.78243 0.0199298
0.594982 2.94213 0.019894
1.18541 3.0873 0.019794
0.987042 3.08755 0.0197348
0.98731 3.08003 0.0196742
1.28143 3.08778 0.0196102
1.2632 3.08493 0.0196102
1.38706 3.08051 0.0195083
1.52118 3.07946 0.0194336
0.183595 3.07876 0.0193291
0.299719 2.48146 0.0192546
0.662197 1.66686 0.0191956
0.618676 1.62497 0.0190881
0.0176508 1.61372 0.0190331
0.474288 2.59643 0.0190331
1.42517 2.9567 0.0189634
2.02054 3.07753 0.0189127
1.69984 2.72627 0.018778
1.00629 1.98142 0.0187048
0.951861 1.66743 0.0187048
0.64136 1.62845 0.0186002
0.759144 1.62202 0.0185116
0.604102 1.7043 0.0184244
0.821853 1.79335 0.0182991
1.36304 2.43844 0.0181946
1.31668 2.9634 0.0180982
0.624242 3.10751 0.0180022
0.624242 3.08495 0.0179033
0.624242 3.07921 0.0179033
0.639252 3.07855 0.0176696
0.639252 3.07794 0.0175781
1.14982 3.09352 0.0174553
1.13169 2.99714 0.0173377
1.04612 1.93932 0.0172726
0.797592 1.66301 0.0172126
0.274183 1.62972 0.0171684
0.21087 1.61819 0.0171331
0.34786 1.61801 0.0171089
0.328489 1.61802 0.0170832
1.34277 3.08163 0.0170327
2.26245 3.07971 0.0170066
1.23827 3.07952 0.0169743
1.16314 3.07928 0.0169406
1.35872 3.07932 0.0168662
1.29577 3.07932 0.0168204
1.18483 3.07926 0.0167632
0.991513 3.07912 0.0167632
0.618513 3.10884 0.0166941
0.635513 2.37376 0.0166283
0.489932 1.699 0.0165217
0.928424 1.6285 0.0165217
1.17581 1.62261 0.0164435
1.24863 1.6223 0.0163878
1.18828 1.62227 0.0162784
1.09083 1.62214 0.0162784
0.856879 1.62191 0
0.572526 2.5705 0.000208263
0.791642 2.81165 0.000208263
1.78876 3.05851 0.000311329
1.66554 3.08964 0.000464748
1.85789 3.08077 0.000464748
2.43246 3.08797 0.00054294
2.79165 3.06338 0.000687498
2.77491 3.06659 0.000851071
2.12907 3.08794 0.000999395
0.629207 3.11784 0.00115323
0.391327 2.61262 0.00134209
0.476561 1.74061 0.00152007
0.591244 1.63246 0.00171354
0.542566 1.62197 0.00202973
0.289646 2.1711 0.00202973
0.289646 2.46512 0.00216759
1.53764 2.9006 0.00227837
0.580805 1.98513 0.00234611
0.236316 1.70245 0.00237933
0.814787 1.63218 0.00238885
0.94141 1.62267 0.0023987
0.975671 1.62202 0.00241212
0.715096 1.6217 0.00241461
0.715096 1.62138 0.00238681
1.4668 2.86198 0.0023452
1.12995 3.02672 0.00237602
0.877175 3.09919 0.00241898
0.154602 3.01173 0.00241898
0.376359 3.10316 0.00262054
0.376359 3.08098 0.00273746
2.76272 3.08136 0.00284232
1.52265 3.07836 0.00294516
0.359534 3.08593 0.00306653
0.349793 1.61705 0.00365464
0.349793 1.61884 0.00380031
0.815419 1.92422 0.00388261
1.45324 1.66998 0.00394893
0.760491 1.63025 0.0039686
0.605271 1.62267 0.00397238
0.896664 1.62158 0.00398341
1.12598 1.62212 0.0039993
1.12598 1.62192 0.00401584
1.13017 1.62228 0.00405003
0.532205 2.16849 0.00407036
1.43241 3.09261 0.00409026
1.94465 3.10958 0.004143
1.53571 3.10975 0.00419868
1.52962 3.08716 0.00426009
1.92912 3.08033 0.00433716
2.29391 3.07973 0.00441529
2.29391 3.07973 0.00451964
1.31815 3.08049 0.00459381
1.31815 2.80216 0.00466944
0.98064 2.64727 0.00477517
0.761463 1.91776 0.00485891
0.930826 1.65271 0.00496158
1.21643 1.62533 0.00505866
1.05734 1.62267 0.00514759
0.745342 1.62179 0.00526365
0.501837 2.47511 0.00535087
1.46036 3.1094 0.0054206
2.26316 3.0828 0.00548602
2.37917 3.08009 0.00555736
2.13993 3.07977 0.00566974
0.915378 3.07942 0.00574639
0.414076 3.10845 0.00574639
0.414076 3.09704 0.00574639
1.43035 1.89969 0.00585725
0.337527 1.65467 0.00590683
0.355657 1.62797 0.00592904
0.582911 1.62129 0.00595452
0.56489 1.62103 0.0059778
0.445274 1.62065 0.00601016
0.201594 2.03051 0.00603972
0.856788 3.1073 0.00606782
0.856788 3.08278 0.00609967
1.72969 3.07982 0.00609967
2.23316 3.08587 0.00616949
2.14021 3.08221 0.00621358
0.493953 2.83936 0.00624292
0.494533 1.91249 0.00627101
0.823072 1.6449 0.00630639
1.00238 1.62437 0.00634197
1.03445 1.62243 0.00639687
1.03445 1.62229 0.00647322
0.571708 1.62153 0.00654188
1.38893 2.73682 0.00654188
1.61973 3.10977 0.00663959
1.87073 3.0841 0.00671983
2.27169 3.08803 0.00690163
2.01862 3.08516 0.00698869
1.50007 3.08062 0.00706977
1.41775 3.0797 0.00717485
0.855027 3.10952 0.00725854
1.00061 1.91664 0.00733026
0.83876 1.68947 0.00739328
0.700557 1.62651 0.00739328
0.611005 1.62215 0.00743303
0.831384 1.62175 0.00748025
0.974832 1.62213 0.0075025
0.496883 1.62129 0.0075025
0.866162 2.57826 0.00753278
2.14587 3.10938 0.0075922
2.40285 3.08304 0.00763336
2.64107 3.08018 0.00768778
2.27227 3.07985 0.00775304
1.17491 3.0817 0.00779661
0.654392 3.06221 0.00779661
0.794004 2.24725 0.00783791
0.999149 1.67924 0.00787358
0.531736 1.62782 0.00789926
0.881521 2.1107 0.00791009
1.19384 1.93224 0.00792254
1.12199 1.65453 0.00795818
0.764155 1.6273 0.00803802
1.28339 2.43231 0.00808697
2.16438 3.0532 0.00808697
2.16438 3.09408 0.00816402
2.51659 3.1045 0.00822811
2.85421 3.08945 0.00830502
1.34442 3.04286 0.00838524
1.12451 3.10525 0.00847044
1.4816 3.10245 0.00855943
1.69189 3.09006 0.00865699
1.89999 2.91645 0.00873947
1.89999 2.85404 0.00883832
1.35042 2.48192 0.00888842
1.55221 1.7152 0.00894214
1.01332 1.63838 0.00896989
1.04398 1.62439 0.008996
0.753538 1.62228 0.00902025
0.494249 1.6212 0.00902771
0.0717952 1.5973 0.00913477
0.258936 1.61705 0.00917675
0.306813 1.61891 0.00922001
0.10982 3.12326 0.00926061
1.25737 1.50712 0.00932847
1.76328 1.08974 0.00937946
1.95526 1.07598 0.00942555
0.675761 1.06185 0.00957711
0.856816 1.04845 0.00966714
1.00952 1.05603 0.00978714
1.12104 1.05871 0.00988335
1.42682 1.06807 0.00988335
1.55717 1.07488 0.00999844
1.01312 1.17351 0.0101415
1.16495 1.38718 0.0101415
0.351106 1.49076 0.0102219
0.555992 1.89244 0.00714591
0.596888 2.60863 0.00267975
2.5002 2.63248 0.00348549
3.07515 2.65937 0.004562
3.9727 2.66144 0.00588318
6.12445 2.66291 0.00780023
7.92318 2.66458 0.00916891
10.2435 2.64455 0.00849532
10.3464 2.66358 0.00809029
13.0237 2.66609 0.00829132
13.0237 2.66632 0.00883638
22.7436 2.6629 0.00994922
24.8523 2.66649 0.0113617
24.8523 2.60733 0.0133818
29.1706 2.607 0.0150997
31.9692 2.62624 0.0166769
35.072 2.6351 0.0184082
36.5488 2.54576 0.0189581
37.9501 2.47991 0.0191257
37.9501 2.45643 0.0194246
39.6858 2.42997 0.0202732
40.4824 2.40105 0.021454
41.1686 2.39405 0.0222786
42.2548 2.39297 0.023193
41.9567 2.33759 0.0244203
41.8813 2.26327 0.0255516
42.1086 2.20281 0.0266759
41.0966 2.17008 0.0278449
39.6247 2.17068 0.0285761
39.6247 2.16376 0.0282759
38.6963 2.1629 0.0282759
38.6963 2.16163 0.027892
37.3056 2.20075 0.0278913
37.5158 2.14771 0.0280558
38.1455 2.07757 0.0282396
37.9067 2.06776 0.0285349
37.3991 2.08162 0.0289098
37.211 2.04594 0.0294715
37.211 1.99883 0.0302425
34.9159 2.04955 0.0308853
34.2905 2.11455 0.0316465
33.7483 2.10547 0.0324933
32.1416 2.01095 0.0338503
30.0423 1.97155 0.0347622
29.6534 1.96701 0.035532
29.1983 1.91868 0.0355071
26.9692 1.83926 0.0357273
24.9156 1.75961 0.0358663
24.6184 1.71057 0.0360106
23.4958 1.6667 0.0362737
22.3343 1.54843 0.0366099
23.2833 1.39587 0.0370229
24.1317 1.27564 0.0373604
22.8052 1.24216 0.0378726
21.4326 1.20165 0.0378726
23.3131 1.15135 0.038401
21.7485 1.11659 0.0393067
19.6841 1.11347 0.039718
20.735 1.12322 0.0401867
22.6933 1.11862 0.0407743
22.7106 1.10729 0.0414481
21.5676 1.11778 0.0421284
21.5032 1.13825 0.0429502
19.4798 1.16858 0.0429502
20.4125 1.16982 0.0437
20.4007 1.16851 0.0446723
19.0289 1.19264 0.0455054
19.0843 1.26146 0.0470466
20.7063 1.27257 0.0480159
20.7243 1.25135 0.0489361
20.1875 1.26852 0.0489361
22.0927 1.30014 0.0502867
21.1512 1.35865 0.0514057
20.8757 1.38899 0.0525026
20.7651 1.4179 0.0537866
18.6177 1.5282 0.0549642
17.7916 1.68598 0.0554234
19.4562 1.75154 0.0559514
21.1861 1.73523 0.0564557
21.1861 1.72458 0.0573565
22.5082 1.78637 0.0580096
25.0375 1.73687 0.0587377
26.3348 1.68114 0.0596263
27.0117 1.70378 0.0605217
28.6524 1.77051 0.0614466
30.7734 1.80458 0.062357
31.8169 1.84893 0.0636874
31.8169 1.94771 0.0648763
33.704 2.03661 0.0659106
33.704 2.04708 0.0659106
35.2403 2.04723 0.0680883
39.0906 2.05455 0.0691308
39.9684 2.08095 0.0701056
42.2469 2.06474 0.0710987
42.0927 2.04543 0.0720726
41.6668 2.07974 0.0731378
41.6668 2.13285 0.0745449
42.3964 2.11001 0.0759978
41.9917 2.08109 0.0770101
41.6187 2.10384 0.0773287
41.6009 2.13004 0.0776956
41.688 2.09918 0.0782526
41.0865 2.06995 0.0788015
39.2627 2.10058 0.0788015
39.2627 2.12834 0.0801972
38.1271 2.14131 0.0809228
37.1862 2.14689 0.0818043
36.424 2.16289 0.0826647
35.8643 2.1706 0.0839322
34.1713 2.1955 0.0850889
33.3109 2.15785 0.086182
32.3193 2.13164 0.0875299
30.0688 2.16253 0.0875299
28.6354 2.15739 0.0891922
28.1748 2.05621 0.0916474
27.1542 2.00072 0.0928778
25.7058 1.99909 0.0942635
25.5012 1.95842 0.0955621
25.8261 1.89133 0.0955621
23.5145 1.83114 0.0986183
21.0399 1.86918 0.0986183
20.0384 1.86254 0.1005
19.4259 1.79586 0.102132
17.6256 1.74965 0.103452
16.942 1.74128 0.104905
17.5394 1.66935 0.107582
18.0625 1.58244 0.109111
17.3836 1.54206 0.110462
16.0832 1.55731 0.110462
14.1992 1.56369 0.112668
13.7257 1.63602 0.114125
14.3123 1.56815 0.115604
14.4545 1.49078 0.117072
13.2314 1.47763 0.118502
12.6922 1.49401 0.119777
13.203 1.48325 0.121064
14.099 1.42351 0.122293
13.2816 1.35541 0.123599
11.3198 1.33218 0.124561
11.3198 1.33566 0.125533
11.3068 1.35694 0.127174
11.6993 1.31168 0.128237
11.6993 1.16661 0.129269
10.8485 1.10925 0.130171
10.557 1.12336 0.131066
10.557 1.1327 0.132133
8.85321 1.14291 0.132981
6.92469 1.10947 0.134003
6.23454 1.1148 0.134919
5.69781 1.22417 0.135733
5.69781 1.30503 0.136552
4.93134 1.37296 0.13784
4.18333 1.23819 0.138662
4.18333 0.973777 0.139644
4.49103 1.05044 0.140531
4.31869 1.09592 0.141434
5.06849 1.00826 0.142256
6.50063 0.776877 0.143067
6.16509 0.740494 0.143844
5.41719 0.801939 0.144581
5.41719 0.867869 0.14529
4.28897 0.917147 0.1466
4.73257 0.939865 0.147335
4.51837 0.933262 0.148018
4.2181 1.01427 0.148589
4.40302 1.23301 0.149129
4.12375 1.27036 0.14965
6.82281 1.17796 0.150152
7.17755 1.13719 0.150665
7.17755 1.10502 0.151219
6.36043 1.11412 0.151601
5.82653 1.10097 0.151601
5.7886 1.09708 0.152035
6.20525 1.1067 0.1527
6.45733 1.13071 0.152771
6.32613 1.11981 0.152532
6.978 1.11232 0.152243
7.25152 1.10329 0.152243
7.25477 1.09831 0.15182
7.0388 1.09433 0.151085
6.42965 1.09371 0.150696
5.79679 1.09371 0.150296
5.56551 1.09288 0.150296
5.96528 1.09255 0.149714
7.03281 1.09318 0.14926
7.07692 1.09335 0.148837
6.966 1.09336 0.148214
6.94621 1.09335 0.147802
6.76433 1.0933 0.147369
6.14512 1.09309 0.146987
4.93346 1.09221 0.146168
3.69129 1.09121 0.145755
2.48555 1.08821 0.145419
1.91183 1.08579 0.145419
0.380542 0.968955 0.14408
1.17551 1.06412 0.143899
1.30196 1.0762 0.143726
0.713814 1.07226 0.143556
0.402986 1.05572 0.143396
0.0201239 1.03982 0.143234
0.0201239 0.76661 0.143163
0.2174 0.973981 0.142636
4.47967 1.51486 0.105718
8.30439 1.95206 0.105527
12.0411 1.95832 0.105335
15.4136 1.95279 0.105141
19.2052 1.95111 0.104935
24.3892 1.9578 0.104744
30.3444 1.9422 0.104537
34.3765 1.90876 0.104407
39.391 1.86898 0.104283
39.391 1.84977 0.104186
47.1058 1.80549 0.104079
49.1137 1.7578 0.103784
50.9696 1.73316 0.103168
52.628 1.72663 0.102627
52.628 1.71489 0.101916
56.3452 1.69033 0.101315
58.3554 1.66342 0.100754
59.6742 1.64939 0.100115
60.6497 1.64419 0.0995495
61.3325 1.64532 0.0988797
61.3325 1.65403 0.0983351
61.5973 1.66109 0.0976065
60.2111 1.65838 0.0968276
58.7015 1.64798 0.0962929
57.8186 1.64591 0.0957033
55.7301 1.65019 0.0950813
54.6012 1.65744 0.0945126
52.9005 1.66316 0.0939495
52.9005 1.67172 0.0933317
52.02 1.67886 0.0926583
50.9788 1.66628 0.0919271
50.6838 1.65254 0.0919271
50.7818 1.63762 0.0911097
50.02 1.63149 0.0905076
49.3834 1.62027 0.0891496
48.4481 1.60841 0.088504
47.4223 1.59385 0.08786
46.3258 1.58321 0.0872209
45.1456 1.58067 0.0863011
43.8329 1.58034 0.0855369
43.5335 1.5803 0.0849001
42.6465 1.58029 0.0849001
40.1757 1.58028 0.0839532
37.9207 1.58026 0.0827943
35.983 1.58024 0.0822898
34.8956 1.57632 0.0819184
35.535 1.57515 0.0819184
35.5837 1.5778 0.0815163
34.7227 1.57979 0.0812324
33.5872 1.58016 0.0810152
32.343 1.5802 0.0808433
33.0122 1.58021 0.0808195
33.6201 1.57127 0.0809125
32.1144 1.54911 0.0811357
30.9136 1.5236 0.0813632
32.4172 1.51139 0.0817946
33.5261 1.46121 0.0822508
31.9054 1.42466 0.0828433
30.243 1.38989 0.0834287
30.5477 1.35481 0.0841068
31.7821 1.32634 0.0851158
31.4269 1.30679 0.0861404
30.1812 1.2897 0.0872056
30.1812 1.28115 0.0888878
30.1489 1.27306 0.0901218
31.6291 1.25593 0.0912962
29.58 1.23251 0.0926016
28.298 1.20291 0.0938028
29.1139 1.16736 0.0950441
30.2457 1.16586 0.0965266
30.6476 1.17444 0.0979242
30.6476 1.17983 0.100262
29.2134 1.19204 0.101661
28.7896 1.20468 0.10305
30.2884 1.22345 0.105129
32.5982 1.24575 0.106559
33.2153 1.25105 0.107922
33.0031 1.23567 0.109391
34.12 1.22183 0.110693
34.9303 1.21149 0.1126
36.1821 1.21444 0.114046
36.5638 1.21807 0.115157
37.1085 1.22053 0.116364
36.5122 1.20858 0.117764
35.8003 1.19242 0.118901
35.3016 1.17394 0.120415
34.8141 1.14594 0.121675
34.3994 1.09909 0.123373
34.853 1.07562 0.1246
35.6252 1.07646 0.126001
36.5688 1.07526 0.127435
37.0492 1.04634 0.12874
37.5044 1.01881 0.130086
37.3494 1.00361 0.131616
36.2375 1.01304 0.133016
35.2145 1.02034 0.133016
35.2145 1.02605 0.136614
36.3506 1.04842 0.136614
36.9107 1.05392 0.139823
37.206 1.06937 0.141661
36.4518 1.08977 0.143141
36.6243 1.11083 0.144796
36.7838 1.11457 0.146289
37.6739 1.1155 0.147796
39.1347 1.12288 0.149992
39.7029 1.14493 0.151503
38.3843 1.15401 0.152962
38.0497 1.15568 0.152962
38.0497 1.16179 0.155823
38.4241 1.13606 0.157537
38.2916 1.11749 0.158954
38.0172 1.1234 0.160372
36.9618 1.13422 0.161792
35.8553 1.13417 0.163488
35.1831 1.07734 0.164355
34.0484 1.05986 0.165237
32.6242 1.07076 0.166245
31.7677 1.09425 0.167201
31.7677 1.10702 0.168292
31.5252 1.09696 0.168292
29.3075 1.04172 0.171634
26.8172 0.984165 0.171634
23.092 0.94723 0.173096
21.6119 0.901658 0.17423
22.2051 0.862876 0.175561
22.1716 0.832136 0.176822
21.0771 0.790445 0.179537
19.7026 0.796858 0.181003
18.3713 0.797959 0.182519
18.9408 0.797883 0.182519
18.9408 0.806079 0.185224
19.3718 0.807066 0.186652
15.4626 0.763893 0.188188
13.3711 0.755719 0.18955
12.8701 0.708082 0.190756
12.6169 0.709117 0.192294
11.7876 0.700649 0.193676
9.54157 0.663111 0.195013
6.10196 0.602303 0.196712
3.72798 0.513592 0.19794
3.72798 0.474724 0.199364
1.11125 0.472969 0.200845
0.771614 0.764369 0.201898
0.438585 1.56771 0.194896
0.438585 1.57397 0.194896
0.121311 1.5674 0.179316
0.121311 1.56002 0.178512
0.80847 1.57644 0.120458
0.667525 1.57818 0.119947
0.870508 1.57845 0.118722
0.870508 1.57868 0.118722
0.302495 1.57688 0.118722
0.058372 1.51116 0.108212
0.423094 1.57599 0.107381
0.0806949 1.57061 0.107381
0.175153 1.5644 0.0946095
0.394467 1.57655 0.0942079
0.534544 1.57791 0.09385
0.38871 1.57747 0.0934083
0.153388 1.37782 0.0888052
0.254366 1.57375 0.0881462
0.393754 1.57666 0.08766
0.141383 1.57051 0.0823093
0.21397 1.57201 0.0819783
0.0744687 1.57179 0.0816149
0.271201 1.57233 0.0781268
1.33776 1.57922 0.0777574
0.73662 1.57928 0.0767308
0.423073 1.57849 0.0761628
0.399543 1.57558 0.0703188
0.618183 1.57777 0.0700394
0.177103 1.57802 0.0693481
0.114032 1.56984 0.0689113
0.316528 1.57463 0.0656807
0.0437035 1.57747 0.0650024
0.033069 1.54539 0.0614164
0.289133 1.57682 0.0576905
0.0905239 1.57431 0.0573373
0.122801 1.57075 0.0404465
0.234445 1.57672 0.0322184
0.213278 1.48128 0.00832476
0.213278 1.52755 0.00843878
0.259319 1.53105 0.00510188
0.782201 1.59677 0.00526497
0.226447 1.59343 0.00558338
0.508303 3.06947 0.00824572
0.194449 3.0706 0.00745666
0.272749 0.000339314 0.00484241
0.601973 1.58946 0.00566141
0.240093 1.58886 0.00652271
0.269737 3.0688 0.0114267
1.30323 3.07401 0.0123345
1.24418 3.07407 0.0115755
0.456477 1.60183 0.00881121
0.843991 1.616 0.00793826
0.242608 1.54743 0.00139826
0.345285 1.58488 0.00160521
0.520013 1.60409 0.00210417
0.101264 3.05744 0.0076796
1.1161 3.07376 0.00840704
1.66505 3.0743 0.00921379
3.42316 2.84642 0.0100972
7.81608 2.58036 0.0110096
12.3297 2.43905 0.0118583
15.3639 2.37193 0.0126293
19.8149 2.36879 0.0134788
24.3292 2.36556 0.0134788
31.0741 2.35024 0.0148006
35.3383 2.33926 0.0140708
39.7022 2.33978 0.0140708
46.0344 2.33716 0.0124076
49.4944 2.34098 0.0117873
52.9134 2.35051 0.0110247
55.5453 2.36275 0.010241
57.072 2.36599 0.0094307
58.3878 2.35922 0.00858289
59.0144 2.34614 0.00780343
59.5223 2.33054 0.00780343
60.7803 2.30701 0.00651478
61.4694 2.28052 0.00580001
61.4793 2.26267 0.00515178
62.468 2.24145 0.00411843
63.4887 2.22164 0.00411843
64.8286 2.19784 0.00359059
65.8485 2.18118 0.00352153
66.8418 2.17966 0.00349398
67.3257 2.19791 0.00347748
67.4499 2.21315 0.00347748
67.4114 2.22276 0.00346897
65.1809 2.20967 0.0035342
61.8258 2.1701 0.00378084
57.9202 2.12111 0.00392998
54.03 2.10971 0.00412812
50.4516 2.02576 0.00412812
48.3079 1.96931 0.00435692
48.0844 1.92925 0.00459849
48.5134 1.91291 0.00506014
46.6202 1.90394 0.00632813
43.2847 1.89808 0.00632813
41.018 1.84915 0.00748507
41.3699 1.79976 0.00852736
40.6258 1.66919 0.009516
40.6258 1.59354 0.009516
39.1517 1.53203 0.0122533
38.4153 1.43511 0.0134735
36.715 1.45616 0.0148491
33.6708 1.49104 0.0165633
30.2187 1.50571 0.0182059
28.5453 1.50566 0.0201487
27.0921 1.50487 0.0226142
27.0921 1.50437 0.0252098
26.578 1.5043 0.0272041
26.2569 1.46097 0.0297562
24.5642 1.39947 0.0319947
21.2235 1.35544 0.0344158
18.6787 1.31026 0.0375117
16.3161 1.26248 0.0401517
15.518 1.17892 0.0428344
15.3095 1.07988 0.0460712
15.3095 1.03986 0.048539
16.085 0.959239 0.052183
16.769 0.911963 0.0546641
17.2785 0.916818 0.0575953
16.2643 1.00808 0.0599069
16.2643 1.03359 0.0621239
14.9794 1.03794 0.0656895
13.987 1.10777 0.0656895
12.8917 1.13451 0.0684323
12.0983 1.14391 0.0706487
10.4165 1.03869 0.0745987
9.63301 0.961906 0.0745987
8.82484 0.797327 0.0771474
8.82484 0.674027 0.0792374
8.82484 0.657957 0.0807255
8.82484 0.655939 0.082546
8.82484 0.655726 0.0846884
8.82484 0.655668 0.0862559
8.82484 0.655672 0.0862559
12.5539 0.157385 0.0908173
11.8036 0.0306772 0.092595
11.353 0.0380598 0.0941781
11.1812 0.0534872 0.0960599
11.1325 0.0546114 0.0976774
11.3383 0.0461408 0.0976774
10.7793 0.0725887 0.0996827
10.7029 0.0791271 0.101318
10.4546 0.111809 0.102618
10.9716 0.134264 0.103984
10.9579 0.160666 0.105284
10.6927 0.240253 0.106525
11.0751 0.24126 0.107479
11.5889 0.19543 0.10958
12.0993 0.169625 0.10958
12.5224 0.148305 0.110898
12.5224 0.144385 0.112128
12.484 0.207644 0.113013
12.1486 0.265439 0.113776
11.9973 0.310348 0.114533
11.882 0.333866 0.115274
11.5954 0.356683 0.116616
11.5496 0.362711 0.116616
11.3343 0.3637 0.117399
10.5697 0.420728 0.117941
10.5719 0.447957 0.118561
10.3122 0.442719 0.119045
10.0786 0.456569 0.119679
10.2238 0.423137 0.120038
10.01 0.380383 0.120196
9.49856 0.348956 0.120255
8.63318 0.348887 0.120291
8.01056 0.3559 0.120319
7.68517 0.477732 0.120306
7.42874 0.676765 0.120255
7.29656 0.8885 0.120172
7.28843 0.929665 0.120034
7.33136 0.867594 0.11978
7.89376 0.749038 0.119414
7.89376 0.70151 0.118975
7.92905 0.920898 0.118599
7.44113 1.07493 0.118155
6.76965 1.12475 0.117693
6.47295 1.15976 0.117198
6.35984 1.10293 0.116658
6.48677 1.19254 0.116041
6.60358 1.39287 0.115442
6.60358 1.43828 0.114583
5.08112 1.45408 0.113526
6.10326 1.50521 0.112727
7.15487 1.50774 0.11204
6.3888 1.51165 0.111341
4.57238 1.51344 0.110574
4.21432 1.51199 0.109018
6.157 1.51162 0.109018
7.01678 1.50852 0.107555
5.10797 1.50873 0.106293
3.46967 1.50392 0.104984
4.11239 1.50325 0.103853
5.83064 1.50685 0.10239
4.04438 1.50905 0.101475
2.02592 1.50785 0.100556
1.2631 1.50632 0.0996834
1.2631 1.49878 0.0985573
0.187921 1.48956 0.0978071
0.132688 1.54419 0.0927858
0.0322977 1.24006 0.0920634
0.986608 1.36826 0.0916959
1.22449 1.62744 0.0912769
0.685991 1.62639 0.0908614
0.29956 1.6186 0.0906003
0.590497 3.12473 0.0903446
0.767128 3.09351 0.0902992
1.0689 1.99185 0.0901798
0.637645 1.64429 0.0900621
0.587297 1.62516 0.0899253
0.0619453 1.5145 0.0898641
0.00277401 1.40913 0.089904
0.00277401 1.02978 0.0900279
0.834927 2.72885 0.0901899
0.129316 1.51891 0.0903946
0.640378 1.61335 0.0903732
0.926064 1.6248 0.0903831
0.926064 1.62682 0.0904927
0.293826 1.62216 0.0904927
0.00400965 1.46726 0.0901304
0.740083 3.09016 0.0889045
1.44999 3.0795 0.0887123
1.73998 3.07857 0.0885239
0.575867 3.08158 0.0883798
0.0438238 1.37087 0.0875625
0.051094 1.4782 0.0873804
0.157693 1.57708 0.0872176
0.428401 3.09919 0.0863865
1.093 3.08899 0.0863147
1.79228 3.08024 0.086234
1.30864 3.07859 0.0861868
0.216965 0.69322 0.0831201
0.587011 3.08528 0.0821478
0.988566 3.08064 0.0821478
0.745478 3.08087 0.0815517
0.730827 3.08161 0.0805507
0.657083 3.08941 0.0774812
0.23434 1.58364 0.0761723
0.320847 1.61071 0.0757872
0.256784 3.09774 0.0729659
0.95402 3.08073 0.0727329
0.985479 3.07962 0.0725153
0.030095 2.91559 0.0704943
0.507011 3.08457 0.0700455
0.25621 3.08637 0.0700455
0.25621 3.08979 0.0693759
0.385743 3.0849 0.0689652
0.670105 3.08563 0.068487
0.355913 3.08346 0.0680512
0.644135 3.08209 0.0675717
0.281367 3.08412 0.0670816
0.612083 3.08376 0.0641985
0.068894 3.05012 0.0628443
0.625039 3.08299 0.0610712
0.140801 3.09026 0.0608271
1.83628 3.07776 0.0605233
1.83628 3.07709 0.0602394
2.23605 3.07645 0.059859
2.36347 3.07659 0.0595259
2.36347 3.07656 0.0590922
1.98608 3.0768 0.0587313
0.89695 3.08293 0.0556368
0.127047 3.07905 0.0556338
0.47025 3.08893 0.0556122
0.33937 3.08372 0.0555524
1.1196 3.07946 0.0554244
1.61528 3.07819 0.0552863
2.2006 3.07674 0.0550825
2.79806 3.07653 0.0548696
3.11145 3.07611 0.0546269
2.56245 3.07615 0.0542384
2.34514 3.07629 0.053925
0.747901 3.07635 0.0535601
0.747901 3.07833 0.053085
0.553152 1.62673 0.0508768
0.35445 3.08533 0.0514749
1.34284 3.07742 0.051223
2.61603 3.07626 0.0509432
2.88666 3.07603 0.0506791
3.19692 3.07591 0.0504583
3.08213 3.07591 0.0504583
0.725542 3.07591 0.0500491
0.628236 3.07836 0.0496545
1.46817 3.07758 0.0492659
1.21664 3.07713 0.0489553
1.18196 3.07727 0.0486608
0.493782 3.07907 0.0483519
0.495929 1.75366 0.0477648
0.183 1.61405 0.0473418
0.695813 3.07984 0.0479062
0.128761 3.08902 0.0478826
1.30121 3.07788 0.0477196
1.83345 3.07699 0.0476102
1.83345 3.07641 0.0474335
2.13094 3.07621 0.0474335
1.82395 3.0763 0.0472561
0.12983 3.1041 0.0463632
0.0189749 3.11394 0.0461534
0.525692 3.08096 0.0456668
0.293729 3.08275 0.0456668
0.333647 3.08229 0.0450928
0.398095 1.61849 0.0436626
0.160217 1.62191 0.0434323
0.191914 1.61756 0.0432483
0.0172461 1.81421 0.0431423
1.0758 3.09131 0.0430849
0.23104 3.08031 0.0430826
0.070726 3.08713 0.0430803
0.216816 3.09524 0.0431071
1.30034 3.08665 0.0430675
0.769516 3.07729 0.0430087
0.873347 3.0776 0.0428512
1.22535 3.07754 0.0426621
1.79522 3.07684 0.0424621
2.37627 3.07603 0.0422094
2.42018 3.07592 0.0419393
2.42018 3.0759 0.0416043
2.0287 3.07604 0.0412378
1.18026 3.07666 0.0409205
0.0981547 3.11243 0.0393094
0.0981547 3.09879 0.0389589
1.01739 3.07765 0.0386808
0.718373 3.0778 0.0384226
0.37282 3.07946 0.0380365
0.197325 3.08665 0.037272
0.644741 3.07847 0.0371253
0.748396 3.07786 0.0369829
0.000380452 3.07463 0.0368231
0.120851 1.60083 0.0369992
0.640533 3.08123 0.0371613
0.550252 3.08121 0.0370301
1.95931 3.07622 0.0369072
2.91773 3.07574 0.0367631
2.91773 3.07567 0.0364341
3.14652 3.07562 0.0361806
2.7171 3.07566 0.0361806
1.5006 3.07604 0.0357407
1.36984 3.07631 0.0354907
0.126671 2.0371 0.0349525
0.0450218 1.67354 0.034421
0.473224 3.0802 0.0336828
0.589976 3.07863 0.0334868
1.65881 3.07662 0.0331826
2.09624 3.076 0.0329515
2.18779 3.07586 0.0327384
2.04255 3.07586 0.0325244
1.64012 3.07597 0.0322792
1.31652 3.07606 0.0320961
0.0926816 2.6795 0.0317964
0.0416219 1.51244 0.0316712
0.847218 3.07951 0.0317579
1.99436 3.07626 0.0316883
2.51625 3.07593 0.0315787
2.55457 3.07568 0.0314409
2.42454 3.07568 0.0312756
1.45098 3.07569 0.0309938
1.45098 3.07606 0.0307189
0.836027 3.07679 0.0304918
0.833107 3.07695 0.0303245
0.13276 3.09086 0.0295781
0.571183 3.07846 0.0294528
1.34027 3.0764 0.0291861
1.70146 3.07608 0.0291861
1.80869 3.07589 0.028753
2.05761 3.07579 0.0285298
1.84693 3.07584 0.0285298
1.44433 3.07594 0.0282251
0.801928 3.07658 0.0277421
0.614978 3.07987 0.0264755
0.23311 3.07778 0.0263838
0.258367 3.08047 0.0262643
0.616541 3.0778 0.0261857
0.498245 3.07776 0.0260125
0.380692 3.07856 0.0260125
0.549721 3.07812 0.0259534
0.172561 3.08066 0.0258965
0.70209 3.07768 0.0258178
0.70209 3.07707 0.0257327
1.87369 3.0759 0.0255876
2.74721 3.07554 0.0254113
2.4711 3.07568 0.0252117
2.72858 3.07559 0.0249801
3.12585 3.07548 0.0246957
3.13519 3.07545 0.024388
3.27772 3.07544 0.0241147
3.27772 3.07543 0.0237725
2.66579 3.0755 0.0234955
1.0853 3.07605 0.0232494
0.615525 3.07677 0.0230137
0.32478 2.79837 0.022905
0.550207 1.65461 0.0228626
0.937578 1.63705 0.0228222
1.39254 1.63484 0.0227784
0.334017 1.63101 0.022814
0.318007 3.082 0.022907
0.0321253 3.08299 0.0228909
0.275596 3.08353 0.0208322
1.41508 3.07953 0.0206879
0.377338 3.07642 0.0204649
0.18957 3.07738 0.0202277
0.337094 3.07909 0.0199973
0.741701 3.07682 0.0197406
0.742949 3.07658 0.0193224
1.18208 3.07607 0.0193224
0.773897 3.07632 0.0191271
0.0343568 3.11919 0.0189886
0.310503 1.70146 0.0187246
0.227573 1.6309 0.018601
0.101291 1.62786 0.0185255
0.868955 3.07966 0.0184401
0.866054 3.07649 0.0184457
1.11293 3.07613 0.0184401
0.890717 3.07601 0.0184022
0.937772 3.07619 0.0183553
1.05664 3.07609 0.0183046
1.53082 3.07584 0.0182508
2.21171 3.07573 0.0181944
2.21171 3.0755 0.0181931
1.94369 3.07555 0.0181886
0.44169 3.03209 0.0181681
0.200408 2.17665 0.018165
0.371914 1.66266 0.0181698
0.550729 1.63437 0.018189
0.525971 1.63274 0.0182184
0.407034 1.75374 0.0182387
0.407034 1.88916 0.018233
0.515199 2.63616 0.0181697
0.807537 3.0925 0.0180873
1.78488 3.07655 0.0179517
3.06825 3.07565 0.0177993
3.45126 3.07533 0.0176283
3.55652 3.0753 0.0174446
3.04055 3.07529 0.0172122
3.04055 3.07533 0.0169528
2.4446 3.0754 0.0167461
1.27584 3.08864 0.0165677
0.785697 3.12876 0.0164105
0.390287 2.21245 0.0162094
0.574253 1.73329 0.0160831
0.68305 1.63822 0.0159711
0.419708 1.63273 0.0158912
0.167388 1.62631 0.0158446
1.48409 3.08036 0.0158354
1.59353 3.08344 0.0158047
0.989801 3.07657 0.0157897
1.42203 3.07575 0.0157818
0.14798 3.10726 0.0149259
0.537521 3.11562 0.0147075
0.400778 3.08126 0.0145092
0.400778 3.08228 0.0142992
0.228961 3.06317 0.00214482
1.18074 3.07471 0.00215284
1.00004 3.07542 0.00208243
0.821144 3.07684 0.00174864
0.627024 3.07712 0.00174864
0.627024 3.0843 0.00131935
0.767004 3.07428 0.00157183
1.52433 3.0749 0.00156512
0.600884 3.07676 0.00146472
0.74704 3.07344 0.00140974
1.18269 3.07476 0.00138439
0.0421218 3.07536 0.00138439
0.0538704 0.0683046 0.00182415
1.33542 0.0673027 0.00182415
1.33542 0.0665152 0.00185122
2.50313 0.0665767 0.00188577
4.66572 0.0665766 0.00191904
6.31631 0.0666186 0.00194463
7.19104 0.0665956 0.00195801
7.72788 0.0666159 0.00198198
7.92454 0.0776294 0.00199828
7.91711 0.0927022 0.00200942
7.91359 0.104265 0.00201887
7.75399 0.112201 0.00202132
7.40553 0.115 0.00202084
6.98632 0.119024 0.00201606
6.45772 0.119796 0.00200554
5.88911 0.111669 0.00198897
5.20201 0.105972 0.00195571
4.76142 0.0778927 0.00193075
3.97292 0.0680467 0.00190416
3.97292 0.0667845 0.00188616
3.294 0.0665895 0.00187918
2.07381 0.0664902 0.00188329
1.25445 0.0665661 0.00188329
1.19914 0.123155 0.00199576
3.36412 0.136654 0.00200414
6.09937 0.113205 0.00200955
9.63103 0.106637 0.00200955
15.5473 0.132251 0.00199978
17.478 0.158271 0.00198336
18.5141 0.166179 0.00197123
18.9058 0.164883 0.00197343
18.9058 0.167599 0.00199123
19.2795 0.182904 0.00203573
19.5365 0.207734 0.00204354
19.6074 0.226765 0.00203517
19.1012 0.244875 0.00202513
17.7164 0.255838 0.00200802
14.8349 0.281747 0.00200802
10.3655 0.287066 0.00197492
5.76909 0.295358 0.00195713
2.03482 0.423038 0.0019913
3.49258 1.38319 0.00204637
6.13986 1.5685 0.00209792
8.86131 2.01784 0.00216347
12.847 2.31666 0.00223538
14.6988 2.43997 0.00229851
16.4791 2.52207 0.00233329
15.9976 2.59886 0.00233329
13.4274 2.63965 0.00238037
8.91574 2.71356 0.00238291
4.56833 2.86077 0.00229187
3.31215 0.0725263 0.002099
10.6239 0.269079 0.00191559
14.5521 0.339314 0.00184175
18.3079 0.351307 0.00184175
20.6512 0.359881 0.00176469
20.4984 0.36278 0.00173279
18.9354 0.348495 0.00171726
17.1005 0.335157 0.00171554
15.1342 0.319333 0.00171363
9.06058 0.266171 0.00173458
5.15528 0.224076 0.00179718
1.27858 0.218981 0.0018901
4.12681 0.84262 0.00202642
6.47877 1.548 0.00217524
10.1908 1.93684 0.00231401
10.1908 2.25133 0.00246597
11.8719 2.36209 0.00259166
11.8719 2.46358 0.00261476
10.1349 2.53959 0.00258535
5.85526 2.55804 0.00248254
2.00249 2.67284 0.00234453
0.116653 2.02626 0.00198433
8.22988 0.338454 0.00175413
11.3545 0.307849 0.00163146
11.3545 0.330248 0.00157046
12.6556 0.359173 0.00157046
10.9265 0.394976 0.00162493
10.995 0.471125 0.00163284
9.5958 0.529297 0.00162724
8.57214 0.54788 0.00160957
7.04813 0.551817 0.00159636
5.63362 0.596403 0.00159578
4.49272 0.693883 0.00159578
4.49272 0.728254 0.00181217
3.02723 0.712738 0.00181217
0.375782 0.784344 0.00218611
1.64385 3.07261 0.00275355
2.62256 3.0749 0.00275355
1.93982 3.0761 0.00269789
1.18661 3.07639 0.00257034
0.561883 3.09089 0.00214699
1.53317 3.09228 0.00244341
1.21388 3.09218 0.00266482
1.19605 3.09227 0.002938
1.19605 3.09218 0.002938
0.273887 3.091 0.00317624
0.145913 3.08 0.00199039
1.37702 3.09207 0.0010994
1.42415 3.09228 0.000706649
0.359435 3.09141 0.000703524
0.340411 3.08978 0.0018093
0.3158 3.08982 0.00273984
0.584964 3.09111 0.00358095
0.505986 3.09119 0.00358095
0.349157 3.09074 0.00479088
0.71243 3.09125 0.0063217
0.313347 3.09059 0.0069607
0.799266 3.09136 0.00782457
0.462961 3.09147 0.00899519
0.372352 3.08781 0.0129056
0.236311 1.50846 0.0129129
0.59914 1.58154 0.0132731
0.326098 3.08938 0.0168944
0.267084 3.08946 0.0142379
0.120497 3.07767 0.012612
0.388893 3.09042 0.013814
0.3772 3.09099 0.018179
1.55124 3.0926 0.018179
2.89504 2.55749 0.0169706
2.73592 2.21292 0.016316
4.51809 1.76667 0.016316
5.37948 1.77731 0.0157022
6.04317 1.75418 0.0149853
7.84987 1.67289 0.0143876
9.60571 1.7001 0.0132681
12.1001 1.77788 0.0132681
14.1979 1.78828 0.0125471
16.0471 1.77434 0.0120692
17.3872 1.74219 0.0110307
19.815 1.67943 0.0104338
19.815 1.66452 0.0104338
23.4572 1.62796 0.00924681
28.1839 1.58208 0.00924681
31.7371 1.55477 0.00849276
34.4729 1.56592 0.00798368
38.879 1.57049 0.00729493
42.0398 1.56965 0.00671506
44.0662 1.56278 0.00620413
45.0659 1.55998 0.005149
44.4057 1.54365 0.00462827
43.0905 1.52909 0.00404263
43.8792 1.52553 0.00351278
44.3093 1.52509 0.00351278
45.8135 1.52504 0.00307113
45.8165 1.52501 0.00294651
45.4235 1.52503 0.00318769
43.2749 1.50633 0.00387183
41.3332 1.48134 0.00480274
39.6008 1.45567 0.00587252
39.2112 1.43305 0.00716873
38.5315 1.42196 0.0086635
37.4773 1.41811 0.0112599
40.6138 1.41922 0.0130976
40.6138 1.4226 0.0153115
41.0542 1.43629 0.018039
40.5098 1.43611 0.0202352
39.6542 1.38275 0.0225236
38.6363 1.34767 0.025068
40.2764 1.33635 0.0274261
40.2764 1.33634 0.0305965
41.457 1.35369 0.0333721
43.9065 1.3766 0.0356369
42.9583 1.37932 0.037793
43.539 1.39009 0.0400819
44.4487 1.4065 0.0421923
39.5568 1.40316 0.0450557
36.3663 1.41205 0.0472491
36.3663 1.41519 0.0506967
34.7285 1.3856 0.0532017
30.8753 1.37125 0.0560871
29.7862 1.3295 0.0590888
30.7167 1.27009 0.0620482
31.9744 1.25063 0.0648123
30.0232 1.22776 0.0675259
30.7249 1.21041 0.0700905
30.7249 1.20976 0.0739044
28.0188 1.20556 0.0758141
28.5505 1.19442 0.0782076
27.6423 1.15066 0.0802313
26.6828 1.10773 0.0822407
28.222 1.09666 0.0846169
25.1126 0.986381 0.0866002
24.6087 0.854145 0.088382
24.6087 0.800481 0.0907196
21.1383 0.642008 0.0925599
19.2791 0.509559 0.0941974
18.9073 0.45663 0.0962524
16.7818 0.352517 0.0975852
14.2812 0.309358 0.0989392
12.3178 0.319802 0.100066
11.0508 0.375929 0.101326
8.91175 0.296664 0.102547
5.62901 0.072005 0.103458
5.12866 0.0342214 0.104228
4.1749 0.0485261 0.104975
2.92394 0.0496245 0.105708
2.0911 0.0526263 0.106481
0.482687 0.0580967 0.107485
0.191881 3.08013 0.00640279
0.205064 3.07946 0.0159065
0.540375 3.08382 0.00693276
1.47543 3.08421 0.00645954
0.916494 3.08441 0.00599837
0.916494 3.08433 0.00539271
0.416708 3.08398 0.0049374
0.195257 3.08265 0.00443763
0.0283248 3.01994 0.00204062
0.0738763 3.06907 0.00767987
0.491687 3.08331 0.00808948
0.783744 3.08389 0.0086386
0.783744 3.08428 0.00903307
0.00767108 3.08065 0.00959587
0.0538402 3.06632 0.014966
1.33748 3.08451 0.0190355
2.20988 3.08464 0.019741
1.93418 3.08465 0.019741
1.93418 3.08464 0.0202396
1.61374 3.08461 0.0206974
0.435861 3.08435 0.0210925
0.0825664 3.08011 0.016344
0.49628 3.08411 0.0160555
0.599145 3.08428 0.0157124
1.30962 3.08458 0.0153516
1.27924 3.08458 0.014985
1.27924 3.08458 0.0145501
0.5115 3.08438 0.014081
0.429595 3.08417 0.0137544
0.0534428 3.07762 0.0116899
0.364018 3.08389 0.0114117
0.1686 3.08245 0.00946297
0.0793079 3.08168 0.00927393
0.0939096 3.08155 0.00910774
0.186949 3.08166 0.00815268
0.186949 3.08319 0.00790894
0.716812 3.08439 0.00773077
0.895852 3.0845 0.00773077
0.398987 3.08391 0.00594819
0.976075 3.08449 0.0056939
0.326035 3.08438 0.00542528
0.251515 3.08388 0.00511036
1.0123 3.0845 0.00475443
1.15505 3.08458 0.00446114
1.13423 3.08459 0.00416747
1.21116 3.0846 0.003805
0.982212 3.08456 0.00348964
0.375208 3.08433 0.00312002
0.0167098 3.05975 0.00123082
0.364307 3.0839 0.00106091
0.757086 3.08439 0.00102519
1.43163 3.08464 0.0011273
0.141025 3.08465 0.00122308
0.985702 3.08208 0.00177259
0.985702 3.08455 0.00198498
1.3838 3.08464 0.00219965
2.37894 3.08472 0.00238973
1.51603 3.08468 0.00258712
0.395393 3.08449 0.00281868
0.548817 3.08437 0.00304249
0.498162 3.08439 0.00327901
1.19446 3.08455 0.0035237
0.860522 3.08459 0.0038163
0.860522 3.08456 0.00407273
0.919429 3.0845 0.00659131
1.62757 3.08468 0.00674744
2.1011 3.08471 0.00687742
1.79311 3.0847 0.00702281
0.994754 3.08457 0.00841775
0.916954 3.08459 0.00859674
0.691738 3.08454 0.00878353
1.55078 3.08463 0.008978
1.71677 3.08469 0.00919499
1.70579 3.0847 0.00939967
1.70579 3.0847 0.00966272
1.46947 3.08469 0.00998795
0.180181 3.08443 0.0101775
0.0591781 1.58179 0.0107367
0.221929 3.09059 0.0110888
0.221929 3.08436 0.0112993
0.273824 3.08415 0.0114774
0.350141 3.08408 0.0122705
1.27969 3.08466 0.0123987
1.35376 3.08468 0.0125085
0.279542 3.08394 0.0131146
1.44761 3.08466 0.0132187
1.34434 3.08468 0.0133559
1.08856 3.08466 0.0134897
1.61545 3.0847 0.0136743
2.11163 3.08473 0.0138955
2.01036 3.08473 0.0138955
2.04269 3.08473 0.0142264
2.17905 3.08474 0.0146556
1.47751 3.08471 0.0148677
1.30296 3.08469 0.0150916
0.74705 3.08463 0.0153441
0.788046 3.0846 0.0155739
0.875008 3.08465 0.0158017
0.875008 3.08462 0.0160883
0.570678 3.08455 0.0163042
1.02189 3.08463 0.0165777
0.197991 2.64492 0.0165777
0.0635739 1.91842 0.0169752
0.935311 1.63615 0.0171295
1.17726 1.62498 0.0171295
0.150313 1.61945 0.0173195
0.50787 3.08449 0.017299
0.653806 3.08385 0.0173175
1.15792 3.08461 0.0173373
0.559007 3.08466 0.0173629
0.541511 3.08452 0.0173961
1.61962 3.08466 0.0174554
2.4966 3.0847 0.0175138
3.11502 3.08475 0.0175832
1.43604 3.08476 0.0177146
0.0794511 3.08473 0.0178716
0.209358 3.08424 0.0180316
0.209358 3.08402 0.0182009
0.156734 3.08377 0.0184558
0.991612 3.08463 0.0187102
1.46513 3.08469 0.018903
1.67958 3.08472 0.0190568
0.724901 3.08462 0.0192491
0.294342 3.08443 0.0194016
0.0155635 3.08188 0.0195895
0.76966 3.08403 0.0197878
1.3724 3.08466 0.0199323
1.3724 3.0847 0.0200967
0.309525 3.08453 0.0202468
0.228513 2.71531 0.0203432
0.103561 1.78853 0.0204332
0.594805 3.08446 0.0205957
1.48605 3.08469 0.0206217
1.8711 3.08473 0.0206217
0.304785 3.08467 0.020765
0.679979 3.08457 0.0208591
1.75547 3.08469 0.0209596
2.14404 3.08474 0.0210648
2.43095 3.08476 0.0212063
2.49791 3.08476 0.0213273
2.27273 3.08476 0.0214498
0.489628 3.08475 0.0214498
0.96104 3.08464 0.0222265
2.11087 3.08474 0.022354
2.30855 3.08475 0.0224557
1.1299 3.0847 0.0225827
0.694361 3.08464 0.0227113
0.165027 3.0845 0.0228423
0.385709 3.0844 0.022968
0.764115 3.08461 0.0230709
1.36059 3.0847 0.0230709
1.6903 3.08472 0.0232333
0.656434 3.0847 0.0233294
0.447367 3.08461 0.0234137
0.239073 3.08443 0.0234137
0.138413 3.08343 0.0237443
1.17854 3.08461 0.0238208
1.17854 3.08469 0.023871
1.19396 3.0847 0.0239594
0.595146 3.08463 0.0240434
0.0848496 3.08275 0.0242528
1.14838 3.08457 0.0243239
1.68077 3.08473 0.0244022
1.99241 3.08475 0.0244704
1.37539 3.08473 0.0245255
0.912007 3.08468 0.0245713
0.841578 3.08451 0.0247906
1.70487 3.08471 0.0248469
1.95545 3.08475 0.0249065
1.50986 3.08474 0.0249507
2.08718 3.08475 0.0247927
2.67467 3.08477 0.0246382
2.97819 3.08478 0.0244794
3.24834 3.08478 0.0244794
2.18305 3.08477 0.0242012
2.18305 3.08477 0.0240639
2.18305 3.08476 0.0239181
0.0807551 3.08471 0.0237829
0.346832 3.08437 0.02363
0.484658 3.08454 0.0234865
1.43911 3.08472 0.023339
2.17853 3.08476 0.0232228
0.818888 3.1064 0.0231202
0.818888 3.14085 0.0230442
0.0133679 3.08714 0.0229784
0.0422972 3.07548 0.0230035
0.684106 0.0569027 0.000808985
1.52567 0.0570041 0.000802171
3.10131 0.0568378 0.000792444
4.61948 0.0568206 0.000779425
7.1085 0.0642886 0.000759243
8.96792 0.0696594 0.000747522
10.0085 0.0679864 0.00075111
10.0085 0.0665217 0.000763388
12.7997 0.0907862 0.000790186
13.7275 0.104349 0.000814757
15.4055 0.11357 0.000861328
17.0105 0.118745 0.000905316
18.8953 0.135316 0.000961075
20.1072 0.164699 0.00103569
20.3236 0.178614 0.00110011
19.7126 0.188639 0.00115439
18.7999 0.196625 0.00119721
18.1596 0.20613 0.00120529
18.1596 0.213729 0.00120375
18.4516 0.22896 0.00120181
18.6818 0.241101 0.0011969
18.1927 0.245469 0.0011936
17.3972 0.254037 0.00119323
16.6023 0.242891 0.00118515
16.1027 0.236023 0.00117517
15.623 0.223293 0.0011666
15.5044 0.224666 0.00115541
15.5044 0.226806 0.00114782
16.251 0.24198 0.00114217
17.7591 0.243823 0.00113809
19.0617 0.232829 0.00112463
19.9323 0.218631 0.00110663
21.184 0.206414 0.00108769
21.3774 0.196303 0.00107524
21.3774 0.191649 0.00106078
20.749 0.182727 0.00105059
19.5662 0.167285 0.00103865
19.5662 0.163531 0.00102869
18.9448 0.163302 0.00102017
18.6589 0.173815 0.00102166
18.6073 0.189603 0.00102311
18.8678 0.20265 0.00102377
18.8678 0.220347 0.00102509
18.8177 0.238869 0.00102566
18.8177 0.254942 0.00102361
17.3153 0.276644 0.0010209
16.0014 0.290055 0.0010171
16.0014 0.29514 0.00101066
14.5221 0.295994 0.000998639
10.7947 0.281329 0.000978083
10.7947 0.259872 0.000937075
9.40215 0.254067 0.000900327
8.57077 0.233695 0.000863213
6.75857 0.214528 0.000827436
5.8541 0.166941 0.0007933
4.78524 0.145756 0.000752192
3.69132 0.121532 0.000720764
2.26539 0.113599 0.000687333
1.03278 0.164882 0.000638085
0.174489 0.346806 0.000615059
0.135644 0.674471 0.000585252
0.55992 0.754071 0.000562916
2.07215 0.39627 0.000551502
4.06276 0.243268 0.00055095
6.75838 0.200058 0.000561733
10.4695 0.21281 0.000585428
16.2268 0.189455 0.000683794
16.2268 0.17475 0.000759204
19.8202 0.179378 0.000877626
25.0925 0.173272 0.000963976
36.8472 0.18973 0.00107747
44.0659 0.222307 0.00120525
52.243 0.243143 0.00134024
58.9965 0.263895 0.00148118
58.9965 0.273003 0.00165049
65.7018 0.287191 0.00179136
68.788 0.298169 0.00191039
69.7755 0.307056 0.00201102
68.3101 0.311556 0.00207792
63.886 0.318995 0.00207914
61.1628 0.322069 0.00203892
57.5416 0.320431 0.00196199
53.2465 0.314752 0.00183904
48.9914 0.315591 0.00173663
45.1314 0.312133 0.00162855
41.5502 0.304989 0.00150085
37.288 0.282677 0.00138694
32.9829 0.259004 0.0012751
28.4071 0.225718 0.00111738
21.9697 0.156237 0.00103124
17.9916 0.123734 0.000937665
13.3927 0.0984378 0.000887121
10.9807 0.0870583 0.000863836
8.45723 0.0733196 0.000859981
7.30219 0.0676384 0.000885662
6.50058 0.159389 0.000905555
6.12597 0.442772 0.000929217
6.57199 0.633101 0.000949529
7.09325 0.72517 0.000949529
7.84819 0.731406 0.000974947
8.11831 0.702597 0.000966976
8.63248 0.632924 0.000921289
9.29148 0.504025 0.000892459
10.5517 0.323747 0.000872716
14.5636 0.0610104 0.000894984
20.6492 0.0568948 0.00100167
29.2701 0.0675221 0.00100167
40.0692 0.122206 0.00126032
48.2947 0.199031 0.00150491
55.2978 0.228205 0.00173954
61.2215 0.249306 0.00210252
63.4583 0.264811 0.00234465
64.0579 0.276155 0.00276004
62.4912 0.282874 0.00288378
59.4927 0.293733 0.00288378
54.9436 0.308764 0.00296809
50.4644 0.320325 0.00298132
45.9405 0.321254 0.00288638
40.8901 0.316505 0.00277926
40.8901 0.315321 0.00277926
35.5576 0.304412 0.00277926
23.6062 0.259751 0.00252102
18.3227 0.207314 0.00228704
13.729 0.172939 0.00228704
8.53385 0.0765094 0.00215171
5.62994 0.05926 0.00208033
2.48541 0.0566199 0.00200668
0.571889 0.0564211 0.00198475
