0.397454 3.08043 0.00954817
0.353596 3.08103 0.00961167
0.124683 3.07793 0.00981814
1.15891 3.08232 0.0127701
2.48756 3.08308 0.013426
4.17906 3.08379 0.0141401
4.49785 3.08383 0.0149195
4.19794 3.08383 0.0148925
4.33916 3.08384 0.0148925
5.38364 3.08386 0.0140601
6.42632 3.0839 0.0135141
6.97755 3.08392 0.0125086
7.55123 3.08393 0.0120049
8.73535 3.08395 0.0120049
10.0344 3.08396 0.011443
10.9498 3.08397 0.0110684
11.836 3.08398 0.0106908
12.877 3.08398 0.0103792
13.6527 3.08399 0.0101916
15.1323 3.084 0.0100705
16.4363 3.084 0.00997057
16.9069 3.08401 0.00994252
17.3628 3.08401 0.0100504
17.8752 3.08401 0.0100504
19.2212 3.08401 0.0102368
19.2212 3.08401 0.0105041
19.6429 3.08402 0.0108082
19.5589 3.08402 0.0110943
19.882 3.08402 0.0114062
20.0439 3.08402 0.0117196
20.3268 3.08402 0.0120388
20.4352 3.08402 0.0124015
21.9192 3.08402 0.0127311
21.9192 3.08402 0.0130837
22.0768 3.08402 0.0134715
21.2309 3.09425 0.013758
19.9881 3.0862 0.014098
17.9078 3.08431 0.0143272
17.3868 3.08405 0.0144819
17.0932 3.08402 0.0145606
16.78 3.08878 0.0145764
16.4454 3.0915 0.0145538
16.8242 3.09068 0.0145165
18.1702 3.11675 0.0144463
18.1702 3.13879 0.0143007
19.3405 3.1174 0.0140609
19.528 3.09926 0.0138084
18.3449 3.10676 0.0135802
16.9338 3.12887 0.0133082
15.5867 3.10483 0.0129593
14.9139 3.09306 0.0126416
14.8972 3.08835 0.0123321
15.3402 3.10455 0.0119931
16.2008 3.14025 0.0116028
17.7329 3.10725 0.0112579
17.7329 3.08935 0.0108219
18.0904 3.05143 0.0105258
18.5046 3.01768 0.0101787
18.8958 2.99567 0.00993013
19.0148 2.98295 0.00971578
19.702 2.9633 0.00949735
20.6561 2.95403 0.00934123
20.8069 2.96786 0.00934123
21.0729 3.00173 0.00909703
20.5412 3.04068 0.00896589
20.0288 3.07953 0.0088285
20.0288 3.09909 0.00862553
19.4621 3.10965 0.00851673
18.9737 3.12138 0.00840466
19.5189 3.09755 0.00830036
21.0435 3.07233 0.00819301
21.5776 3.04044 0.00808467
21.7149 3.03406 0.00796048
21.6913 3.04855 0.00785255
21.6913 3.05875 0.00772404
21.6605 3.09242 0.00759541
21.1898 3.1358 0.00743874
20.2789 3.11357 0.00723397
20.1526 3.10237 0.00708304
19.7216 3.09498 0.0069301
18.9624 3.0855 0.00678014
18.2596 3.08459 0.00664074
18.3049 3.09865 0.00648157
18.3517 3.11016 0.00639346
18.4497 3.12239 0.00632836
18.9672 3.1405 0.0063096
20.3621 3.12058 0.00634645
20.5004 3.1265 0.00644903
19.7714 3.13702 0.0065645
19.8395 3.13533 0.00672317
19.2522 3.12313 0.00695756
18.5746 3.10013 0.00717527
18.8482 3.10295 0.00739446
19.6259 3.11788 0.00764113
20.8015 3.13794 0.00790773
21.4619 3.12131 0.00819822
22.2933 3.09667 0.00857333
22.6155 3.07813 0.00899931
22.5546 3.06185 0.00899931
21.1044 3.056 0.00946886
20.9098 3.0431 0.0101279
21.1049 3.03245 0.010455
20.832 3.04635 0.0107328
21.3076 3.04933 0.0109985
22.152 3.04958 0.0112901
22.57 3.06202 0.0115735
22.3437 3.09804 0.0115735
22.3437 3.10805 0.0119772
21.2363 3.12053 0.0123458
20.7299 3.13502 0.0126047
20.1784 3.13417 0.0128732
20.1784 3.12706 0.0131918
18.1392 3.13792 0.0135033
17.5938 3.14039 0.0134499
17.3089 3.13891 0.0130429
17.5259 3.13903 0.0124799
17.5464 3.12723 0.0119594
19.478 3.11324 0.0115202
19.478 3.06694 0.0108744
21.0046 3.02185 0.0104255
21.8985 3.0001 0.00994396
21.6799 2.99637 0.00956918
21.3468 3.00892 0.00912249
21.3468 3.01783 0.00861304
20.9023 3.02497 0.00820824
20.8166 3.03901 0.0078636
20.7907 3.04715 0.00745796
21.2186 3.06591 0.00714407
21.2186 3.06461 0.0068405
20.9167 3.07509 0.00642928
20.8333 3.07534 0.00617586
20.8333 3.08462 0.00584772
20.5741 3.07919 0.00563957
21.5853 3.05056 0.0054528
22.7051 3.02585 0.00532605
22.7051 3.02182 0.00520848
24.4348 3.0271 0.00511318
24.9715 3.026 0.00503122
24.9715 3.03073 0.00495146
25.0221 3.04695 0.00495146
25.0221 3.06071 0.00471003
23.7735 3.12907 0.00460267
22.791 3.11218 0.00448727
22.5526 3.09329 0.00433371
22.5526 3.10558 0.00418234
22.2104 3.10728 0.00400693
21.4494 3.11113 0.00386553
20.6192 3.12346 0.00378291
20.6192 3.12495 0.00376108
20.6184 3.14062 0.00381462
20.6663 3.13645 0.00398516
21.833 3.10339 0.0042185
22.2316 3.08822 0.00449245
21.7433 3.09555 0.00482439
21.4455 3.10432 0.00523885
21.032 3.10424 0.00564855
20.7817 3.11252 0.00564855
20.5602 3.10237 0.00647692
21.3507 3.0843 0.00697731
22.5078 3.06435 0.00749279
23.6417 3.05058 0.00796834
24.9139 3.03374 0.00862097
25.1186 3.02113 0.00910756
24.8855 3.01948 0.00958862
24.3562 3.02036 0.010106
24.3562 3.02092 0.0102915
22.7896 3.02642 0.00976334
22.7157 3.01334 0.00935184
22.3469 3.01476 0.00893047
23.1248 3.01493 0.00858628
24.1115 3.02243 0.00826015
24.3766 3.03979 0.00795853
24.7875 3.06728 0.0075444
24.7875 3.08148 0.00719319
24.7854 3.12606 0.0068667
24.2987 3.13837 0.00656507
24.4244 3.12172 0.00620588
23.8655 3.13002 0.00585365
22.99 3.12357 0.00543669
22.6117 3.11625 0.00503994
22.0854 3.11088 0.0045825
22.0854 3.10899 0.00407087
21.6413 3.11013 0.00347909
22.0513 3.11903 0.00309738
21.9305 3.13776 0.00274994
21.156 3.13463 0.00246604
19.6139 3.13102 0.0022332
18.3477 3.13967 0.00217556
16.292 3.11579 0.00222212
13.3631 3.09377 0.00243111
11.9739 3.08661 0.00267548
10.0957 3.08411 0.00297697
10.0957 3.08392 0.00333178
7.52619 3.0838 0.0037785
6.74281 3.08381 0.0041432
5.56951 3.08378 0.00456048
3.51524 3.08583 0.00498276
3.51524 3.08869 0.00548817
0.907988 3.08456 0.00583154
0.00755435 0.092446 0.00780804
0.398614 3.08132 0.00736256
0.173144 3.07904 0.00691792
0.437459 3.08127 0.00656819
1.64853 3.08318 0.00656819
1.64853 3.08351 0.00687127
2.62175 3.08371 0.00728441
4.94438 3.08379 0.00760385
6.25016 3.0839 0.00788622
8.01911 3.08394 0.0082066
9.82746 3.08396 0.00849803
12.3479 3.08397 0.00878155
15.2382 3.084 0.00909816
19.1813 3.08401 0.0095229
20.6951 3.08402 0.00980179
22.6847 3.08402 0.0101578
22.6847 3.08402 0.0105372
23.3514 3.08403 0.0110925
24.2615 3.08403 0.0115705
27.0612 3.08403 0.012065
29.235 3.08403 0.0125189
29.235 3.08403 0.01314
31.7635 3.08404 0.0136219
32.9876 3.08404 0.0141978
34.0591 3.08404 0.0147222
34.6833 3.08404 0.0152782
35.4692 3.08404 0.0157654
36.1093 3.08404 0.0162699
37.1784 3.08404 0.0166533
36.9277 3.08404 0.0170693
37.4696 3.08404 0.0173838
37.9008 3.08404 0.0176526
38.2502 3.08404 0.0179197
38.6138 3.08404 0.018096
38.9997 3.08404 0.0182306
38.511 3.08404 0.0183409
37.5574 3.08404 0.0184261
38.0544 3.08404 0.0184261
38.0477 3.08404 0.0184325
38.4246 3.08404 0.0183616
37.775 3.08404 0.0182606
37.6401 3.08404 0.018132
37.6257 3.08404 0.0179345
36.9931 3.08404 0.0173034
36.2395 3.08404 0.0168795
36.249 3.08404 0.0168795
37.0363 3.08404 0.0162378
37.802 3.1079 0.0157762
37.802 3.11572 0.0153115
37.4575 3.11318 0.0146354
38.2893 3.11793 0.0141029
38.4592 3.12739 0.0135524
37.5453 3.11097 0.0129661
37.5271 3.11581 0.0124297
37.5271 3.1239 0.0116041
36.8192 3.13395 0.0109591
35.6283 3.13273 0.0103328
34.715 3.13927 0.00974077
35.0179 3.12867 0.00907253
35.0689 3.10874 0.00823141
35.1046 3.08764 0.00765481
34.7797 3.08344 0.00720241
34.3799 3.09153 0.00720241
34.4151 3.08838 0.00683386
34.282 3.08479 0.00699961
34.3764 3.08125 0.00734968
35.2448 3.06432 0.00815637
34.9338 3.062 0.00897775
33.8976 3.056 0.0099366
33.404 3.05075 0.0113706
32.4552 3.03851 0.0113706
32.7608 3.01631 0.0130861
32.0614 2.99552 0.0145015
31.0627 2.98998 0.0159798
31.3871 2.98547 0.0173866
31.5701 2.98869 0.0178936
32.1955 2.96786 0.0166229
31.5012 2.96118 0.0155612
30.1521 2.9721 0.0144882
30.1521 2.97309 0.013371
30.2593 2.97289 0.0124263
32.0563 2.99832 0.0119747
33.1253 3.02966 0.0116809
32.6627 3.04646 0.0115562
32.9272 3.07646 0.0115943
33.9797 3.09376 0.0118532
34.2045 3.09764 0.0123516
34.2045 3.09805 0.0132336
31.9071 3.10633 0.0139601
31.4692 3.07336 0.0148741
31.4692 3.08106 0.0158471
33.0471 3.08663 0.0173754
32.0656 3.06351 0.018452
30.1789 3.02528 0.0195758
29.9336 3.01695 0.0208765
30.543 3.03653 0.0212946
31.2543 3.06589 0.0205768
30.5695 3.06787 0.0199624
29.7327 3.0575 0.0193476
29.935 3.06369 0.0188706
31.5979 3.093 0.0184327
33.2571 3.12915 0.0180843
31.5324 3.1129 0.017836
31.5324 3.10786 0.017836
29.4391 3.06888 0.0175948
28.3716 3.05825 0.017609
28.7742 3.06418 0.0177501
28.3976 3.07041 0.0179359
27.5957 3.06022 0.0181696
27.3821 3.05901 0.0184864
28.6238 3.05288 0.0188861
28.5067 3.0396 0.0194179
28.5067 3.03842 0.0194179
26.3579 3.05927 0.020238
25.4927 3.07071 0.0205932
24.7058 3.05144 0.0196273
25.2505 3.01601 0.0185986
24.7657 2.97064 0.0170304
24.6351 2.9912 0.0164074
24.2698 3.04215 0.0159531
23.5219 3.05408 0.0159531
22.9768 3.02905 0.0150962
22.069 2.96092 0.0148741
21.0452 2.94292 0.0148741
19.4912 2.96633 0.0147769
18.453 3.02915 0.0148872
17.5042 3.05893 0.0151499
17.2016 3.03952 0.0155217
16.5808 3.00302 0.0159397
15.2964 2.97476 0.0165876
14.8774 2.98447 0.0159515
14.6445 3.02798 0.0150832
13.9078 3.06257 0.0134503
12.9699 3.06955 0.0134503
11.3302 3.08015 0.0127818
9.78007 3.08385 0.011994
8.20865 3.09511 0.0113943
4.59606 3.1069 0.0108305
3.15488 3.08932 0.0104378
1.54884 3.08478 0.0101776
0.314169 3.08323 0.00998975
0.252525 1.4516 0.00944405
0.851404 1.54333 0.0091181
0.100032 3.07763 0.00913299
1.3119 3.08363 0.00886915
2.73697 3.08387 0.00861822
4.69824 3.08392 0.00847553
4.69824 3.08395 0.00836547
6.77726 3.08399 0.00830646
8.622 3.084 0.00820195
9.76683 3.08401 0.00815963
10.6752 3.08401 0.00812379
12.8222 3.08402 0.00809166
14.9658 3.08403 0.00804596
17.0082 3.08403 0.00801158
18.8051 3.08404 0.00795803
22.3636 3.08404 0.00793229
23.6551 3.08404 0.00793976
24.8456 3.08404 0.00795958
25.7407 3.08404 0.00800384
26.1741 3.08404 0.00808672
27.5141 3.08404 0.00814647
28.4505 3.08404 0.00818604
30.0354 3.08405 0.00818499
31.9789 3.08405 0.00818499
32.5022 3.08318 0.0081792
32.9855 3.08134 0.00822564
33.6512 3.08184 0.00827005
34.3464 3.08389 0.00828567
35.5961 3.08404 0.00826679
36.5543 3.08405 0.00817693
38.6354 3.08405 0.00817693
38.5123 3.08405 0.00806781
38.337 3.08405 0.00799283
38.869 3.08405 0.00790206
40.2939 3.08405 0.00782044
41.3504 3.08405 0.00772765
40.9591 3.08405 0.00760845
39.4183 3.08405 0.00760845
37.5351 3.08405 0.00751286
37.5351 3.08405 0.00744509
36.0083 3.08405 0.00742725
36.5101 3.08405 0.00745096
38.1043 3.08405 0.00745989
38.4296 3.08405 0.00747397
37.6385 3.08405 0.00750124
37.0064 3.08405 0.00753594
36.4766 3.08405 0.00758999
35.7589 3.08405 0.00767623
35.8392 3.08405 0.00779709
35.8325 3.08405 0.0080405
35.9494 3.08405 0.00839108
35.9001 3.08405 0.00899994
35.9001 3.08405 0.00954143
36.3001 3.08405 0.0101442
35.0576 3.08405 0.0108953
35.0576 3.08404 0.0118691
33.7832 3.08405 0.0127725
33.7541 3.08405 0.0136501
34.7581 3.08405 0.0147225
35.1439 3.08371 0.01578
35.1439 3.08301 0.0170173
33.7106 3.07975 0.0185576
32.7672 3.08393 0.0197559
32.7672 3.08404 0.0200235
30.9046 3.06178 0.0188019
30.8343 3.01927 0.0176015
33.6058 3.02908 0.016545
34.5355 3.08439 0.0155418
33.0894 3.08687 0.0146059
31.0744 3.07883 0.0136624
31.0744 3.06623 0.0128957
30.2836 3.03325 0.0119403
29.3793 3.04061 0.0115863
28.5321 3.04808 0.0114599
27.3975 3.04286 0.0115735
27.9925 3.0117 0.0118975
28.8144 2.97305 0.012452
29.7131 2.97969 0.0132949
27.8479 2.9763 0.0141779
27.8479 2.95778 0.0154634
26.9143 2.92858 0.0165073
27.4216 2.91604 0.017748
29.018 2.96335 0.0194434
28.7152 2.9851 0.0207655
27.3739 2.98383 0.0207655
27.0874 2.96628 0.0234335
28.3415 2.96255 0.024389
28.3548 2.98276 0.023215
26.8148 2.97462 0.022356
25.7944 2.93068 0.0215986
27.0471 2.93807 0.0208226
28.3302 2.93239 0.020224
29.1518 2.96985 0.0195772
28.2766 2.98748 0.0195772
27.0158 2.96737 0.0191759
25.758 2.9201 0.0187158
25.053 2.89023 0.0182734
24.4491 2.88963 0.0180611
24.1177 2.95188 0.0180597
24.5224 2.97694 0.0181774
25.3932 2.96004 0.0183489
25.7406 2.92933 0.0185968
25.7681 2.89522 0.0189282
25.0381 2.92788 0.0189282
24.5296 2.96734 0.0198024
24.0286 2.99698 0.0203125
22.9415 3.00022 0.0208479
22.3975 3.00716 0.0214043
22.5802 3.01155 0.0223797
23.4318 3.00393 0.0214726
24.8851 2.9994 0.0206169
25.2924 3.0154 0.0195676
23.9545 3.04735 0.0188629
23.2859 3.06097 0.0188629
22.7844 3.04717 0.0178399
22.4616 3.03106 0.017166
21.6135 2.9742 0.0166334
20.2621 2.96187 0.0161831
19.6463 2.98041 0.0155359
19.7178 2.98465 0.0155359
19.977 2.99485 0.0153587
20.7978 3.02567 0.0153707
22.0933 3.06717 0.0157236
23.1154 3.07088 0.0157236
23.1154 3.07084 0.0161039
25.4773 3.04149 0.0166684
24.2986 3.03842 0.0171169
22.9794 3.04871 0.0176685
21.6393 3.05756 0.0183882
21.0385 3.05137 0.0189619
21.491 3.05197 0.0196332
21.3872 3.0305 0.020257
22.0341 3.04214 0.0200969
22.8601 3.07012 0.0194349
23.8817 3.0772 0.0194349
24.3747 3.07489 0.0191124
24.3747 3.07021 0.0189678
23.7046 3.05218 0.0189593
24.1777 3.04452 0.0189997
24.9925 3.05339 0.0190535
25.2612 3.06406 0.0191172
26.1924 3.03407 0.0192091
26.1924 3.01199 0.0193285
26.9293 2.99441 0.0195545
27.8015 3.00356 0.0195545
27.8312 3.01613 0.0196757
27.041 3.02452 0.0197473
25.7159 3.02807 0.019805
24.7562 3.00358 0.019859
24.0523 2.98067 0.0199308
23.6782 2.97177 0.020034
23.6782 2.97151 0.0201356
22.7897 2.97721 0.0203868
21.6981 2.97352 0.0203868
20.2285 2.96537 0.0206769
19.2759 2.99124 0.021092
17.8345 2.99497 0.0213184
16.9788 3.0141 0.0213184
14.769 3.05955 0.0215682
12.6523 3.08294 0.0219505
10.1876 3.084 0.022143
7.68491 3.08403 0.022143
4.14307 3.08403 0.0224134
1.60571 3.084 0.022658
0.310003 3.08331 0.0275218
0.637812 3.08384 0.0190388
0.660342 3.0839 0.0192906
0.284066 3.08372 0.0196379
0.137689 3.0828 0.0215597
0.331584 3.08371 0.0212081
0.106589 3.08305 0.0178686
0.133606 3.08335 0.0172689
0.298516 3.08382 0.0169565
0.0748721 3.08351 0.0166375
0.0532107 3.07905 0.0111846
0.272578 3.08367 0.0084699
0.307725 3.08388 0.00849112
0.708283 3.08361 0.0101156
0.219184 3.08399 0.0103131
0.0866439 3.08389 0.0105556
0.489563 3.08397 0.0140028
0.250992 3.08384 0.014876
0.597704 3.08398 0.0150099
0.119224 3.08388 0.015142
0.332378 3.08382 0.0165778
0.113012 3.08344 0.017112
0.717079 3.084 0.017379
1.31511 3.08403 0.0176466
0.778711 3.08402 0.017917
0.886909 3.08402 0.017917
0.803349 3.084 0.0200712
1.18467 3.084 0.0202161
1.47355 3.08403 0.0203604
1.23288 3.08404 0.0205154
0.995761 3.08403 0.0206923
1.08067 3.08403 0.0208449
0.404061 3.08403 0.0210682
0.756053 3.08401 0.0228914
0.867242 3.08402 0.0232358
0.967855 3.08403 0.0234548
1.28869 3.08404 0.0236675
1.46241 3.08404 0.0239567
0.880051 3.08403 0.0241693
0.0170135 3.08394 0.0244004
0.0587629 3.0831 0.0251551
0.275761 3.08384 0.0233284
0.800729 3.08395 0.02311
0.800729 3.08402 0.0228558
1.6095 3.08404 0.022665
2.02553 3.08405 0.0224255
2.21153 3.08405 0.0222516
1.93111 3.08405 0.0220342
1.57199 3.08405 0.0217422
0.6987 3.08403 0.0215445
0.508486 3.08401 0.0213446
1.28911 3.08402 0.0192262
1.2387 3.08404 0.0191159
1.49345 3.08404 0.0190577
0.763571 3.08403 0.0189919
0.629698 3.08398 0.0184228
1.07544 3.08403 0.0181199
1.32648 3.08404 0.017957
1.77793 3.08405 0.0177698
2.03504 3.08405 0.0177698
1.38822 3.08405 0.0175476
1.1701 3.08404 0.0173444
0.744531 3.08401 0.0159725
0.390032 3.08394 0.0150827
1.54081 3.08404 0.0150201
1.89756 3.08405 0.0149628
1.47209 3.08405 0.0148885
0.670238 3.08404 0.0148012
0.118943 3.08364 0.0146593
1.14856 3.08403 0.0145372
1.64785 3.08405 0.0144715
1.34133 3.08405 0.0142866
0.46394 3.08397 0.0134018
1.5054 3.08401 0.0134018
0.0469447 3.08327 0.0124436
1.0846 3.08349 0.0122656
1.78813 3.08403 0.0117163
0.787245 3.08405 0.0116618
0.919025 3.08404 0.0115812
1.23736 3.08404 0.0114832
1.71708 3.08405 0.011304
1.93663 3.08405 0.0111844
1.93663 3.08405 0.011027
1.80896 3.08405 0.0109001
0.471125 3.08405 0.0108007
0.44832 3.08398 0.00985606
1.27811 3.08404 0.00973881
1.11381 3.08405 0.00961611
0.575082 3.08404 0.00948728
0.0626735 3.08397 0.00912172
1.34061 3.08382 0.00868474
1.34061 3.08405 0.00865287
2.15748 3.08405 0.00861395
1.90688 3.08405 0.00854322
1.45142 3.08405 0.00846729
0.574292 3.08403 0.00825458
1.65192 3.08405 0.00815465
2.13244 3.08405 0.00807574
2.13244 3.08405 0.00794247
2.05792 3.08405 0.00785075
0.678321 3.08405 0.00777274
0.33527 3.08403 0.00770026
0.980208 3.08403 0.00724553
1.86172 3.08405 0.00718161
1.13567 3.08405 9.3896e-05
0.481897 3.08404 0.000177512
0.794281 3.08404 0.00045484
1.82117 3.08404 0.000564541
0.271077 3.08405 0.000670431
1.13852 3.08405 0.00102041
1.73228 3.08405 0.00110099
1.75496 3.08405 0.00117594
1.76232 3.08405 0.00125794
1.57781 3.08405 0.00135491
1.16362 3.08405 0.00142509
1.16362 3.08405 0.00151483
0.862044 3.08405 0.00158192
0.377756 3.08404 0.00195185
1.21587 3.08405 0.00202237
2.00139 3.08405 0.00210092
1.96192 3.08405 0.00219837
1.94271 3.08405 0.00228902
1.9668 3.08405 0.0023811
1.9668 3.08405 0.00248516
2.07468 3.08405 0.00263763
2.11188 3.08405 0.0027152
0.419592 3.08405 0.00281205
0.0526092 3.08402 0.00289726
0.518963 3.08403 0.00328319
0.164464 3.08401 0.00331844
0.256197 3.084 0.00345512
1.43466 3.08405 0.0036419
2.05049 3.08405 0.00369945
0.774291 3.08405 0.00375952
0.332069 3.08399 0.00410042
1.15288 3.08402 0.00422308
2.01617 3.08405 0.00429455
2.01617 3.08405 0.00437239
2.3231 3.08405 0.005067
2.49887 3.08406 0.00515729
1.82537 3.08406 0.005261
1.22205 3.08406 0.00535365
0.905404 3.08405 0.00544567
1.03928 3.08405 0.0055362
0.933646 3.08405 0.00562899
0.933646 3.08405 0.00572963
0.558758 3.08404 0.0058275
2.63398 3.08405 0.00600707
2.90771 3.08406 0.00603615
2.90583 3.08406 0.00606878
2.90583 3.08406 0.00611464
1.79948 3.08406 0.00614534
0.63535 3.08406 0.00616987
0.63535 3.08405 0.00619125
0.865444 3.08405 0.00630269
1.68356 3.08405 0.00630269
2.104 3.08406 0.00632739
2.3009 3.08406 0.00635317
2.08546 3.08406 0.00637297
0.350017 3.08406 0.00639262
0.341579 3.08404 0.00640875
0.466139 3.08404 0.00642612
1.22737 3.08405 0.00658853
2.09045 3.08406 0.00658853
2.51597 3.08406 0.00667081
2.27132 3.08406 0.00672455
1.5095 3.08406 0.00676728
1.55617 3.08406 0.00679666
0.75453 3.08405 0.00681762
1.10265 3.08401 0.0068862
1.34296 3.08405 0.00691658
1.70346 3.08405 0.00694689
1.53746 3.08406 0.00698474
1.11573 3.08406 0.00701651
0.410067 3.08404 0.00728252
1.26402 3.08405 0.0073356
2.08697 3.08406 0.00739347
2.08181 3.08406 0.00745827
2.08181 3.08406 0.00751358
2.22252 3.08406 0.00757548
2.24375 3.08406 0.00764188
1.74446 3.08406 0.00769011
1.20815 3.08406 0.00775195
1.02726 3.08405 0.00798015
2.57787 3.08406 0.00798859
2.52444 3.08406 0.00798859
2.29571 3.08406 0.00798788
1.19605 3.08406 0.00797989
0.00231277 0.036156 0.00816664
0.873305 1.04235 0.00821281
0.884174 1.05808 0.00826314
1.65159 1.98245 0.00791411
0.981168 1.99957 0.00786872
0.272354 1.94404 0.00786872
0.154706 2.61317 0.00782739
1.04136 2.49646 0.00793457
0.825054 2.22231 0.00796632
0.223852 2.00259 0.00781451
0.270029 1.25693 0.00773721
0.270029 1.396 0.00789532
0.207897 1.91377 0.00899923
0.346342 1.846 0.0091631
0.963882 1.46794 0.00879379
0.182317 1.52213 0.00849593
0.202907 1.41135 0.00838202
0.202907 2.49984 0.00849015
1.65568 2.69443 0.00849015
1.65568 2.69855 0.00883075
0.407308 2.66907 0.0101755
0.500003 3.01081 0.0123293
1.56834 2.00436 0.0135363
1.81155 2.01282 0.0143263
0.78752 1.9983 0.0153246
0.401618 2.56947 0.0216777
1.22711 1.52784 0.0236153
0.765935 1.46844 0.027964
0.0575391 1.5308 0.0289025
0.124628 1.06597 0.0298255
1.28863 1.53114 0.0297124
0.219379 1.34514 0.0302467
0.825271 2.63377 0.0319508
0.415189 2.63945 0.0327321
0.104297 0.968016 0.0359381
0.413874 1.42941 0.0359381
0.0127067 0.419194 0.0369537
1.20684 1.53106 0.0374825
0.545968 1.4444 0.0392511
0.529608 1.48499 0.0363695
0.00914654 0.204362 0.0356035
0.319842 1.43599 0.0389173
0.143113 1.16952 0.034074
0.522458 1.47688 0.034074
0.109689 1.22878 0.032033
0.109689 1.43357 0.0303034
0.429688 1.37944 0.0191955
0.312852 1.42357 0.0289693
0.312852 1.48606 0.030108
0.770946 2.00937 0.0111715
0.412504 2.002 0.0111715
1.73842 1.98016 0.0163645
1.15141 2.02309 0.0174269
0.383941 2.01969 0.0183151
0.351752 2.62431 0.0303938
1.17133 2.95145 0.0294258
2.45431 3.04351 0.0286669
3.60695 3.0217 0.0276482
5.39068 2.93167 0.026836
6.02137 2.96591 0.0260156
6.64954 2.99284 0.0250943
7.59337 3.01209 0.0238653
8.39966 3.07829 0.0230916
9.17182 3.11137 0.0218141
10.827 3.13593 0.0209179
12.2375 3.1326 0.0200154
13.416 3.14044 0.0191085
15.1623 3.10938 0.0180069
16.6557 3.1348 0.0171116
18.1716 3.12914 0.0159415
20.2252 3.11218 0.0149969
21.8535 3.088 0.0141738
23.8101 3.06437 0.0133815
25.4628 3.07057 0.0126214
27.5237 3.08537 0.0116485
29.0189 3.10391 0.0109563
30.3033 3.10907 0.0102916
31.5494 3.10432 0.00928135
33.2989 3.0969 0.00878666
34.4636 3.08237 0.00824482
35.2549 3.07083 0.00782959
36.3707 3.06303 0.00746831
37.3048 3.04993 0.00722069
38.2538 3.0548 0.00706285
38.8619 3.06251 0.00689892
39.8789 3.09149 0.00689892
41.2858 3.09888 0.00680131
41.6996 3.13344 0.00676481
42.1797 3.13391 0.00680793
42.8592 3.13916 0.0068696
43.1957 3.12991 0.00693433
43.34 3.13459 0.00700294
43.5585 3.13482 0.00705385
43.8447 3.13531 0.00709417
44.2915 3.13069 0.00709417
44.5613 3.1271 0.00710469
44.5835 3.12546 0.00710937
44.7356 3.12161 0.00711779
44.6091 3.12599 0.00715477
44.4964 3.14023 0.00715477
44.3918 3.13302 0.00719183
44.2255 3.11791 0.00725236
43.6592 3.11129 0.00733852
43.2011 3.06975 0.00741286
43.0493 3.04272 0.00751717
43.3458 3.03386 0.00766902
43.3458 3.04739 0.00783405
43.9141 3.04667 0.00805923
44.175 3.03549 0.00827845
44.4912 3.03867 0.00853555
44.9693 3.03664 0.00894752
45.5278 3.03501 0.00936017
45.8038 3.03831 0.0097865
45.9897 3.05007 0.0102622
45.8421 3.05749 0.0108654
45.5807 3.06101 0.0116725
45.5807 3.04535 0.0123268
45.3286 3.03927 0.013194
45.3286 3.04323 0.0142276
45.1792 3.04482 0.0151496
45.1532 3.04493 0.0160357
45.1518 3.05947 0.0170745
44.6018 3.05506 0.0180517
44.1208 3.05428 0.0190757
44.0058 3.0559 0.020261
44.0058 3.057 0.0213896
44.0058 3.05713 0.0213896
44.0572 3.06481 0.0247696
43.4496 3.0704 0.0262165
42.7617 3.09158 0.027563
42.0298 3.1035 0.0289707
42.7802 3.10251 0.0304312
42.6463 3.10582 0.0292212
42.0545 3.10243 0.0274408
42.0545 3.10374 0.0252919
41.0723 3.11184 0.023459
42.2112 3.11702 0.0212145
43.1137 3.12649 0.0191414
43.3455 3.13602 0.017432
43.2069 3.13807 0.0153064
43.6167 3.12184 0.0135406
43.7838 3.11212 0.0115782
43.2735 3.0966 0.00923135
42.1528 3.0936 0.00747434
42.4257 3.09031 0.00571502
42.8781 3.09529 0.00381591
42.8335 3.10388 0.00381591
42.0671 3.10898 0.00161588
42.9803 3.13027 0.002177
43.4712 3.13344 0.0037118
43.4171 3.12899 0.00579936
42.9317 3.13142 0.0080892
43.938 3.12411 0.00999077
45.2861 3.10603 0.0117079
46.2497 3.0711 0.0135753
46.7179 3.06016 0.0152306
46.7179 3.04307 0.0170563
46.7269 3.04268 0.0194229
46.557 3.06158 0.0212259
46.3102 3.05686 0.0233603
45.5504 3.04001 0.0251208
44.6449 3.03276 0.0266907
43.9877 3.04299 0.0268624
44.4403 3.03397 0.025317
46.0132 3.01991 0.0237667
46.9713 3.00317 0.0222111
46.9713 2.98971 0.0204974
46.9219 2.98188 0.0204974
47.0917 2.96983 0.0176702
47.2192 2.95393 0.016057
47.2815 2.94863 0.0132572
47.2815 2.94423 0.0132572
47.3496 2.94907 0.0132572
46.8058 2.95461 0.0099702
47.2874 2.95047 0.0072627
47.9808 2.94524 0.00606786
48.8664 2.93988 0.00606786
49.0804 2.93849 0.00460831
48.5645 2.90438 0.00398218
47.5432 2.8861 0.00388889
47.6407 2.86232 0.00475294
47.7036 2.86248 0.00592188
47.4646 2.84809 0.00717386
47.5761 2.84049 0.00851643
47.777 2.83798 0.00990479
48.4538 2.83818 0.0119676
49.5319 2.8268 0.0134191
50.1695 2.80283 0.0152235
50.6717 2.81648 0.0168867
50.6717 2.85098 0.0184171
49.8364 2.88179 0.0206599
48.7807 2.89421 0.0222157
48.3382 2.86613 0.0237704
48.3382 2.82769 0.0247534
48.3817 2.81486 0.0228768
48.2349 2.81539 0.0213431
48.7587 2.83382 0.0197894
49.0191 2.87028 0.0180414
48.7892 2.86965 0.0164516
48.657 2.85066 0.0148767
48.657 2.85272 0.0126163
49.4253 2.86803 0.0104046
49.1606 2.88611 0.00875646
48.5809 2.8895 0.00714967
47.3924 2.87654 0.0057579
46.624 2.8758 0.00443663
46.2626 2.85575 0.00313546
45.6918 2.85336 0.00234891
46.3013 2.85074 0.00255978
45.7102 2.84991 0.00255978
45.7102 2.89244 0.00505268
44.8973 2.92597 0.00695092
44.5292 2.93111 0.00845982
44.8738 2.93924 0.0100163
44.2344 2.93037 0.0117798
43.3459 2.92327 0.0135788
42.2139 2.91923 0.015028
40.343 2.89714 0.0170436
40.343 2.88428 0.0192223
39.2357 2.89244 0.0208375
39.3658 2.90315 0.0224369
40.8337 2.93977 0.024234
42.5029 2.95486 0.0229394
42.3427 2.96686 0.0218988
41.7081 2.96389 0.0209443
39.5986 2.95978 0.0201004
39.5986 2.94656 0.0191499
37.7261 2.96197 0.018441
37.1058 2.99449 0.0179059
38.1641 3.02072 0.0175475
38.6372 3.0047 0.0173328
38.6372 2.99934 0.0172539
37.9724 3.00482 0.0173704
37.6714 3.00868 0.0176671
37.1996 3.0019 0.0182478
36.4238 3.01506 0.0188324
36.1038 3.07362 0.0193857
36.7255 3.09644 0.0201342
37.7006 3.0556 0.0208373
37.9183 3.04311 0.0215604
38.1144 3.04562 0.0223794
37.8311 3.05856 0.0231433
37.2724 3.07828 0.0231433
34.259 3.11707 0.0242379
33.4126 3.13041 0.0254021
31.8789 3.12971 0.0272344
31.1114 3.1383 0.0272344
30.8459 3.1232 0.0290562
30.1317 3.0989 0.029995
29.3333 3.09015 0.0308452
28.1632 3.0976 0.0308452
26.9028 3.1044 0.032014
26.313 3.10445 0.0339217
26.3033 3.10107 0.0339217
26.1018 3.06114 0.03525
26.1756 3.0152 0.0360427
26.9411 2.97084 0.0361161
26.1671 2.96242 0.0360256
24.7362 2.97319 0.0360361
24.7362 3.00551 0.0362258
21.3818 3.0538 0.0364771
21.0189 3.0772 0.0367175
19.0783 3.06148 0.0369685
17.5299 3.10611 0.0372705
17.5299 3.13871 0.0377387
16.0594 3.13435 0.038124
16.0594 3.12172 0.03859
14.6163 3.13417 0.0393357
13.0372 3.13297 0.0398077
11.9471 3.12171 0.040412
9.00417 3.08939 0.0409552
7.52576 3.03483 0.0414511
5.9218 2.97582 0.041885
3.7946 2.88949 0.0422859
3.7946 2.94155 0.0425217
1.33379 3.08176 0.0427224
1.33379 2.83092 0.0427224
0.332781 1.89889 0.0433095
0.499512 1.96216 0.0437033
0.158556 1.81566 0.0438206
0.158556 1.86527 0.0432051
0.67502 1.99101 0.042287
0.0939983 1.05399 0.0404444
0.0939983 1.26251 0.0398653
0.0447736 0.911048 0.0381438
0.270355 1.94487 0.0417363
0.502792 1.51901 0.0370381
0.364647 1.9244 0.0318645
0.0476213 1.2105 0.037901
0.0476213 1.60467 0.037147
0.156181 1.89608 0.0233988
1.26665 1.73 0.0286525
2.20733 2.02196 0.0290446
3.21298 2.02484 0.0294436
3.37017 2.0087 0.0298401
3.2588 2.07684 0.0306827
3.33369 2.14179 0.0306827
3.33369 2.18975 0.0314002
2.65931 2.28233 0.031949
1.6369 2.43714 0.0324373
0.926695 2.42365 0.0330345
0.667225 2.10126 0.0336145
0.62385 2.0325 0.0342251
0.497157 2.01393 0.0355072
0.23929 1.99987 0.0355072
0.853394 2.0143 0.0360547
1.27481 2.02326 0.0353513
1.45728 2.0244 0.0345895
1.65671 2.02569 0.0339928
1.75795 2.0268 0.033332
2.48546 2.02734 0.0323428
2.86187 2.02934 0.0318138
3.64772 2.02875 0.0311873
3.64772 2.22948 0.0305832
3.9968 2.43673 0.0298861
4.64938 2.72866 0.0298861
5.85726 2.86708 0.0288451
6.56609 2.97931 0.0282623
6.56609 3.00508 0.0274931
8.92981 3.05968 0.0270153
10.1546 3.11243 0.0264636
12.0824 3.12053 0.0259271
14.1825 3.11706 0.0253504
17.5277 3.08177 0.0248032
17.5277 3.08158 0.0242723
26.2068 3.09315 0.0236732
26.2068 3.11819 0.0231191
31.4373 3.1278 0.022718
35.3855 3.11171 0.0222844
43.3938 3.11047 0.0218989
46.7085 3.11726 0.0215068
49.9969 3.11656 0.0210721
53.2414 3.11868 0.0206847
56.2645 3.12334 0.0202589
56.2645 3.12613 0.0197135
59.3749 3.12848 0.0192329
61.1177 3.12623 0.0188824
62.7221 3.11618 0.0185811
65.0416 3.11029 0.0183205
65.9723 3.11819 0.0180947
67.0734 3.1295 0.0179092
67.9023 3.13289 0.0177509
67.9023 3.12633 0.0175892
68.6991 3.11934 0.0174549
69.0258 3.11336 0.017373
68.9248 3.11271 0.0172929
68.2545 3.11116 0.0172656
67.3633 3.10497 0.0172562
65.3898 3.09571 0.0172612
63.6693 3.09045 0.0172798
63.6693 3.08249 0.0173169
61.7426 3.07416 0.0173568
60.37 3.06822 0.0174339
58.6729 3.06833 0.0175285
57.5879 3.08178 0.0176465
56.7647 3.0892 0.0178555
55.8341 3.0805 0.0180723
55.2258 3.06788 0.0182937
55.0853 3.05808 0.0186339
54.5708 3.05092 0.0189221
54.9486 3.05192 0.0192651
55.6061 3.06545 0.0196445
56.2283 3.07475 0.0200245
56.5122 3.0721 0.020537
57.4399 3.06921 0.0209383
58.2612 3.0659 0.0214227
59.1004 3.06217 0.0214227
60.1055 3.05674 0.0223741
60.9385 3.0485 0.0236621
61.2465 3.04493 0.0236621
62.0164 3.04336 0.0243336
63.4836 3.0416 0.0251454
64.1341 3.04097 0.0263568
64.456 3.04005 0.0272742
64.3091 3.03857 0.0282314
63.8802 3.03904 0.0293295
63.8802 3.02976 0.0302676
63.5379 3.0248 0.0318357
63.9298 3.02927 0.0329052
63.7009 3.03105 0.0341473
62.3351 3.04485 0.0352993
61.2801 3.0533 0.0364918
60.3697 3.04898 0.0357118
60.3697 3.0526 0.0337368
60.4335 3.05413 0.0324386
59.8833 3.06031 0.0309972
58.5048 3.06639 0.0295729
58.5048 3.06787 0.0295729
57.0157 3.07853 0.02695
56.2204 3.09536 0.025631
54.57 3.08651 0.0242024
53.1251 3.0669 0.022947
52.8293 3.05122 0.0213252
51.8895 3.03668 0.0201779
50.0854 3.03483 0.0190555
48.8423 3.04504 0.0181827
49.7462 3.07382 0.017404
49.5317 3.08626 0.0168713
46.5695 3.11884 0.0166564
46.5695 3.1318 0.0168203
47.8987 3.14025 0.0175788
48.8142 3.12577 0.0185502
46.0197 3.11068 0.0196947
46.4855 3.10403 0.0214373
47.858 3.10341 0.0230754
45.7659 3.11007 0.0248477
43.9852 3.12183 0.0248477
44.6719 3.12941 0.0284217
41.6628 3.13802 0.0307642
41.6628 3.14041 0.0334136
42.7083 3.13209 0.0299944
41.3671 3.10288 0.0274542
41.2366 3.07206 0.025142
41.7323 3.06109 0.0226651
41.5493 3.0379 0.020367
43.0395 3.04286 0.0184298
41.1496 3.06572 0.0167313
40.7607 3.07526 0.0151197
42.2655 3.10646 0.0142106
42.2655 3.135 0.013791
40.5816 3.13319 0.0141125
43.2273 3.13164 0.0149286
43.2273 3.13828 0.0161103
41.6994 3.13031 0.0177172
42.9929 3.12043 0.0196088
42.9929 3.12649 0.0218684
40.1364 3.11987 0.023782
41.0686 3.13788 0.0260841
40.5126 3.11584 0.0282102
40.5126 3.10826 0.0305757
37.7803 3.08296 0.0282278
38.6493 3.04491 0.0261134
38.4889 3.04236 0.0238617
36.4724 3.07426 0.0208393
38.6013 3.12905 0.0191913
39.2886 3.13464 0.0175175
38.0844 3.10996 0.0160215
40.063 3.09548 0.0145892
39.9745 3.10883 0.0135968
39.9745 3.12495 0.0129119
38.9443 3.12249 0.0127104
38.5585 3.1115 0.013215
39.5817 3.11357 0.0139954
38.3122 3.11001 0.0154235
37.7929 3.1031 0.0167475
39.8376 3.10216 0.0182568
40.9044 3.08725 0.0200438
40.6795 3.09134 0.0216879
41.1062 3.11402 0.0233623
41.1062 3.09825 0.0259048
41.8279 3.09744 0.0267134
40.5704 3.07034 0.0249132
40.6751 3.05579 0.0229473
41.1864 3.0703 0.0210029
42.9997 3.09988 0.0190823
43.5226 3.1023 0.0174219
43.2557 3.06748 0.0158344
42.6615 3.04161 0.0138426
41.9689 3.02346 0.0124603
42.2086 3.00608 0.0110699
42.3571 3.01095 0.00996242
43.0893 3.01664 0.00877372
42.7078 3.00628 0.00877372
41.7699 2.98739 0.00829631
41.323 2.98874 0.00868784
41.6793 3.01076 0.00868784
41.8076 3.02686 0.0108435
41.0629 3.01583 0.0121186
39.9557 2.99742 0.0135027
38.812 2.99064 0.0149668
38.2907 3.02236 0.0168332
39.1778 3.05198 0.0189841
40.7197 3.08616 0.0206035
40.5842 3.09132 0.0206035
39.5917 3.07302 0.0230752
38.7866 3.05742 0.0223866
38.2932 3.03805 0.0209318
39.1275 3.02812 0.0180173
40.2485 3.02816 0.0165722
40.7553 3.05199 0.0153527
40.6701 3.07003 0.0142192
40.2462 3.08426 0.0142192
39.0733 3.0917 0.0125178
38.2356 3.09474 0.0114347
37.0193 3.08878 0.0106045
35.9762 3.0715 0.00998603
34.6018 3.05903 0.00950405
33.568 3.05981 0.00896155
32.5051 3.05651 0.00892539
31.6299 3.03948 0.00892539
30.1892 3.02495 0.00917935
28.7342 3.01503 0.00946587
28.7342 2.99326 0.00997436
26.1637 2.97816 0.0109506
22.5678 2.93723 0.0115981
21.7052 2.91141 0.0122289
20.7121 2.93543 0.0129616
19.225 2.98137 0.0136468
17.2517 3.00769 0.014562
14.6532 3.0583 0.0153437
12.4353 3.10309 0.0160575
9.25185 3.06493 0.0167698
6.47449 2.95172 0.0174169
3.98354 2.76657 0.0185486
0.0159553 2.69643 0.0193588
0.267992 1.86926 0.0243196
0.235117 1.41141 0.0214485
0.450766 1.49803 0.0217902
0.0622663 1.38799 0.022142
0.35816 1.88838 0.0269268
0.127293 1.33789 0.0253432
0.243576 1.92145 0.0178632
0.078008 1.84599 0.0178632
0.338083 1.97636 0.0167085
0.379908 1.88576 0.0295628
0.242319 1.513 0.0231106
0.55332 1.53202 0.0222112
0.55332 1.53596 0.0213008
0.585587 1.5426 0.019773
0.624997 1.53962 0.0188631
0.218858 1.52734 0.0179784
0.0135425 1.50381 0.0168292
0.410328 1.19674 0.0160995
0.185925 1.90604 0.0100035
0.456801 1.54953 0.0144669
0.31377 1.54409 0.0150425
0.716238 1.82642 0.0156292
1.81308 2.00801 0.016343
2.08294 2.02701 0.0169074
2.05468 2.02491 0.0175738
1.61265 2.02594 0.0181989
0.44952 2.02137 0.0189252
0.44952 2.01009 0.0197617
0.344668 1.94 0.0204683
0.872136 1.74017 0.0211768
0.872136 2.6008 0.0219835
1.63891 2.66951 0.0229001
1.63891 2.75501 0.023921
2.9086 2.6633 0.0246938
3.84403 2.59247 0.025466
4.64204 2.62451 0.02657
5.7523 2.74843 0.0272414
6.24469 2.85979 0.0280607
7.96547 2.89141 0.0287912
8.27117 2.92877 0.029526
8.9081 3.01824 0.0302617
9.67376 3.07193 0.0311634
9.67376 3.11131 0.0319076
10.4444 3.12032 0.0331099
12.5305 3.11521 0.0331204
14.5699 3.11005 0.0324492
16.9961 3.06894 0.031824
20.3369 3.05791 0.0312446
27.4186 3.06092 0.0306536
31.1912 3.05147 0.0302062
34.6193 3.03468 0.029713
34.6193 3.03598 0.029713
40.2231 3.03873 0.0283616
43.371 3.04038 0.0283616
47.3609 3.03575 0.0271284
49.7343 3.02984 0.0266014
51.6639 3.02681 0.0260688
53.3795 3.0251 0.025544
54.9231 3.0217 0.0249802
56.7629 3.01857 0.0244045
58.4828 3.01311 0.0239116
59.8499 3.00749 0.0234226
61.2254 3.00705 0.0230759
62.1483 3.01727 0.0226717
63.5082 3.02125 0.0224231
64.244 3.02429 0.0221824
64.7368 3.02927 0.0220068
65.0547 3.03559 0.0218381
65.5729 3.0415 0.0217268
65.4811 3.04245 0.0216655
65.5979 3.04741 0.0216296
65.8474 3.04978 0.0216234
65.7109 3.04635 0.0216505
65.7109 3.04619 0.0217125
65.7492 3.04508 0.0218597
65.5191 3.042 0.0220545
65.4095 3.04186 0.0222845
64.9156 3.03886 0.0225674
64.4361 3.04424 0.0228597
64.1259 3.05012 0.0232416
63.8331 3.04972 0.0236281
63.1937 3.03679 0.0241626
62.3752 3.0236 0.0246407
62.3752 3.01827 0.02529
62.3294 3.01082 0.02529
62.4134 3.00235 0.0268341
62.9041 3.00821 0.0275099
62.9665 3.01367 0.0282438
63.1061 3.01847 0.029016
63.2082 3.01123 0.0298214
63.1581 3.00245 0.030751
64.0114 2.9869 0.030751
64.3641 2.97405 0.0321542
64.4973 2.96408 0.0337975
65.1719 2.9615 0.0337975
65.7516 2.96539 0.0324485
66.1763 2.96559 0.0304858
66.4731 2.95326 0.0294726
65.8337 2.94118 0.0284454
65.0302 2.9248 0.0284454
64.1191 2.91752 0.0258376
64.2284 2.91232 0.024728
64.0043 2.91879 0.0236036
63.6694 2.93084 0.0223619
62.954 2.93444 0.0223619
61.4323 2.93484 0.0210098
61.5748 2.95206 0.0184514
61.7328 2.95781 0.0184514
61.2975 2.96119 0.0168337
60.3794 2.96659 0.0159088
59.1316 2.96512 0.015101
59.2977 2.96797 0.0142896
59.2095 2.97049 0.013841
59.2095 2.96084 0.0136399
59.2095 2.95955 0.0139009
59.2095 2.95938 0.0139009
59.2095 2.95936 0.0139009
56.4537 2.94509 0.0139009
56.4537 2.93156 0.0172951
55.0016 2.96858 0.0186034
55.1256 2.99183 0.0200829
52.7958 3.01429 0.021872
52.2181 3.0464 0.0238185
53.8378 3.05996 0.0257403
53.2236 3.06173 0.0277812
50.2864 3.03469 0.0300959
50.4382 3.02146 0.0327553
51.2289 3.01056 0.0328788
47.6666 3.00113 0.0302295
47.9686 3.02322 0.0280693
49.0305 3.0432 0.02612
46.2336 3.06374 0.0238913
46.4433 3.09105 0.0222313
47.2753 3.10168 0.0207197
44.3317 3.09863 0.0191542
44.9797 3.07216 0.0183387
45.0532 3.06909 0.0180245
45.0532 3.08424 0.0181085
43.0875 3.08374 0.0188534
41.7833 3.10672 0.0198782
39.6464 3.11987 0.0213258
41.0223 3.10627 0.0230921
41.0223 3.08739 0.0257296
39.9645 3.01938 0.0276698
39.9645 3.00946 0.0297737
40.9026 3.01697 0.0324348
40.4218 3.00255 0.0341828
40.4218 3.0128 0.0323155
41.7636 3.05245 0.0298587
39.5355 3.05461 0.0283865
39.5355 3.0478 0.0264854
41.3462 3.04705 0.0251858
39.6724 3.0584 0.0243353
39.1566 3.04582 0.0237408
40.7796 3.043 0.02347
40.0283 3.03542 0.0234329
37.6377 3.02693 0.0236088
39.2519 3.03778 0.0239673
39.2519 3.0511 0.0239673
36.6853 3.04038 0.0250663
37.1278 3.01223 0.0260578
38.5987 3.00462 0.0285666
38.7742 3.01765 0.0298759
37.6911 3.0304 0.0312424
38.9261 3.05272 0.0328587
40.8062 3.0594 0.0343717
40.7126 3.03156 0.0343717
38.6155 3.00901 0.0324244
38.7953 2.98897 0.0324244
39.7732 3.02014 0.0310526
39.131 3.02858 0.0292474
38.5383 3.03947 0.0277
37.7021 2.98922 0.0254967
37.6764 2.95576 0.0244545
37.5362 2.94089 0.0244545
39.1063 2.98114 0.023318
40.5113 3.00807 0.0220186
40.5402 3.01206 0.0216799
39.4829 3.00235 0.0215119
39.2586 3.01163 0.0215119
40.9835 3.02118 0.0214857
41.8244 3.03399 0.0217164
40.7181 3.02527 0.0221364
39.1528 3.0182 0.0229162
38.9927 3.00726 0.023693
40.2638 3.05198 0.02457
40.7029 3.05283 0.0265208
40.1055 3.04952 0.0275124
38.9556 3.04998 0.0286901
37.6078 3.04854 0.0286901
36.3029 3.05271 0.0277637
34.99 3.05504 0.02614
33.8506 3.05354 0.0252153
33.3661 3.05592 0.0243897
32.9102 3.04383 0.0236603
32.7311 3.02424 0.0230271
32.6746 3.02958 0.0220363
32.3757 3.05999 0.0216437
32.0523 3.09475 0.0216437
31.791 3.10025 0.0213762
31.791 3.09692 0.0213677
30.7092 3.06736 0.0215818
29.9302 3.05407 0.0218053
29.5188 3.05358 0.0220473
30.2227 3.08052 0.0223214
30.4146 3.09484 0.0226452
30.0727 3.10639 0.0230153
30.0727 3.10159 0.0236248
28.6283 3.07818 0.0241437
27.688 3.08797 0.0247378
27.688 3.0468 0.025419
26.362 3.04218 0.0264001
24.1458 3.0803 0.0270362
23.8484 3.11217 0.0277168
24.2706 3.13296 0.0283549
24.2706 3.1007 0.0294536
23.0976 3.11712 0.0303356
21.9758 3.10872 0.0312253
20.2269 3.11595 0.0322465
18.8901 3.12775 0.0332008
18.8901 3.08233 0.0342185
17.9917 3.07616 0.0342185
17.9917 3.06369 0.0362329
15.5505 3.08803 0.0366701
15.376 3.13105 0.0372445
14.6917 3.1217 0.0379289
14.2055 3.09949 0.0385215
13.5384 3.07753 0.0391232
9.99398 3.08879 0.039699
8.38439 3.11906 0.0402067
5.9134 3.13338 0.0406506
3.37178 2.94953 0.041071
3.37178 2.73081 0.041338
0.881874 2.68273 0.0415163
0.868001 1.98555 0.0418797
0.0998996 1.95977 0.041911
0.409394 1.93058 0.0410369
0.677187 1.98252 0.0409669
0.186869 1.23565 0.0432633
0.222419 1.84296 0.0334748
0.0676978 1.8025 0.0329511
0.117557 1.86947 0.0323414
0.25565 1.98307 0.0328959
0.236795 1.99747 0.0336913
0.731491 3.07786 0.0128957
1.06455 3.07884 0.0134738
1.06455 3.07922 0.0144546
0.777417 3.07906 0.0151192
2.59055 3.0796 0.0186555
3.7103 3.07974 0.0178534
4.29018 3.0798 0.0173109
4.2994 3.07981 0.0166509
3.8718 3.0798 0.0161135
3.68848 3.07979 0.015577
3.84505 3.07979 0.0150414
4.14041 3.0798 0.0143207
4.74568 3.07982 0.0137814
4.89791 3.07983 0.0132705
7.86127 3.07985 0.0127456
7.86127 3.07989 0.0123622
11.1214 3.07989 0.0123622
14.2529 3.07992 0.0114764
16.3286 3.07993 0.011072
18.6521 3.07994 0.0107126
21.3029 3.07994 0.0101912
23.1838 3.07995 0.009836
24.6528 3.07995 0.00951754
26.8672 3.07995 0.00921474
28.7922 3.07996 0.00892588
30.4681 3.07996 0.00839562
32.4253 3.07996 0.00839562
34.6771 3.07996 0.00803239
34.6771 3.07996 0.00767496
36.5633 3.07996 0.00767496
39.0895 3.07996 0.00767496
40.2332 3.07996 0.00767496
40.8098 3.07996 0.00767496
42.1599 3.07996 0.00767496
43.5751 3.08537 0.00767496
44.8735 3.09542 0.00767496
44.8735 3.10062 0.00767496
45.3912 3.1042 0.00684157
45.6065 3.10601 0.00700597
45.7419 3.10808 0.00715031
45.7499 3.11349 0.00732814
44.5493 3.1166 0.00752284
43.699 3.11232 0.00773431
42.8478 3.11265 0.00794319
42.8478 3.11266 0.00821524
41.4911 3.10866 0.00836672
40.3696 3.09786 0.0085287
40.3696 3.08227 0.00874753
39.5696 3.08026 0.00897286
39.5129 3.08445 0.00915952
38.6354 3.08271 0.00938369
38.1411 3.08556 0.00959573
38.1411 3.09124 0.00996445
38.9903 3.10484 0.0101927
38.898 3.10409 0.0105393
36.5734 3.09019 0.0108758
36.5734 3.0813 0.0113731
36.6077 3.08005 0.011951
36.2712 3.07998 0.0128366
34.973 3.07996 0.0136189
35.0505 3.07996 0.0145519
36.1217 3.0918 0.0154511
35.8463 3.1083 0.0162778
34.1891 3.13166 0.01713
32.7436 3.12678 0.0180269
30.5692 3.1141 0.0190796
28.854 3.1242 0.0182001
27.9137 3.10079 0.0169174
27.9137 3.05775 0.0169174
29.2651 3.02158 0.0139495
29.0931 2.974 0.0127984
28.5047 2.94713 0.0118072
27.6611 2.94405 0.0108864
26.2937 2.9363 0.0100746
25.9376 2.93926 0.0094277
25.5049 2.92568 0.00899163
24.9689 2.86945 0.00881013
25.2063 2.83656 0.00909401
25.1561 2.84364 0.00975166
25.8667 2.86227 0.00975166
25.4487 2.95554 0.0110421
24.1191 2.9112 0.012213
24.1546 2.86767 0.014621
25.4737 2.88116 0.0159532
25.8031 2.9241 0.0159532
23.9079 2.94405 0.018049
22.87 2.95052 0.0193673
22.8579 2.90992 0.0199189
25.0468 2.95623 0.0190503
26.6245 3.01764 0.0183507
26.2134 3.03859 0.0177181
26.0129 3.02072 0.0169096
25.5663 2.99733 0.0164449
26.1118 2.98162 0.0159649
25.3149 2.97829 0.0157354
24.5767 2.96969 0.0156261
23.402 2.99354 0.0156294
23.0061 2.95672 0.0157285
23.0442 2.88507 0.0159541
22.656 2.88447 0.0167201
22.1484 2.90235 0.0167201
22.1484 2.93904 0.0177412
21.8769 2.94944 0.0187289
22.1456 2.92616 0.0194085
22.9432 2.95147 0.0201381
23.4747 2.98368 0.0193685
23.5519 3.04315 0.0186561
23.7425 3.07199 0.0177735
22.9124 3.07033 0.017152
22.9124 3.04104 0.0164905
21.4758 3.02233 0.0159587
19.822 3.02303 0.0159587
18.5926 3.02302 0.0155184
18.1066 3.00509 0.0151501
17.6371 3.0042 0.0150896
17.6699 3.01402 0.0151188
17.2657 3.07187 0.0152812
16.6423 3.0923 0.0152812
15.6883 3.08466 0.0156291
14.6342 3.08444 0.0158887
14.1542 3.08913 0.016708
12.982 3.07255 0.0171611
12.1357 3.05972 0.0171611
10.5729 3.03783 0.0178247
9.16026 3.02833 0.0179267
7.44608 3.03362 0.0179267
4.74502 3.04316 0.0175204
2.86231 3.07734 0.0172311
1.08722 3.07929 0.0169446
0.203918 3.07791 0.0202174
0.643262 3.07943 0.0208959
0.661842 3.11388 0.012574
0.782764 2.67912 0.012354
1.41708 2.71486 0.0121496
1.80567 2.77923 0.0120312
2.34341 2.97836 0.0118676
3.3747 3.13556 0.0118676
4.92604 3.09908 0.0118379
7.246 3.08198 0.0118482
9.51748 3.08012 0.0118925
11.9625 3.06873 0.0119037
15.2712 3.0671 0.0118917
18.0618 3.06974 0.0118665
21.77 3.08208 0.0118302
25.1162 3.1152 0.0117655
29.9344 3.12061 0.0116483
33.5901 3.11928 0.0115678
37.0041 3.10603 0.0114933
40.1724 3.11783 0.0113717
42.7971 3.10521 0.0112957
46.8306 3.09624 0.0112066
49.2315 3.09689 0.0111365
52.521 3.09613 0.0110525
52.521 3.08925 0.010884
57.8576 3.07815 0.0107847
59.5761 3.06727 0.0106862
60.6565 3.06186 0.010654
60.6565 3.06458 0.0106636
62.7175 3.07035 0.0107579
62.7175 3.0779 0.010857
65.6032 3.07222 0.0110287
65.6032 3.06103 0.0112309
66.0035 3.0483 0.0114355
65.5877 3.046 0.0117196
64.7718 3.05092 0.0120376
64.3572 3.04889 0.0123914
64.4734 3.04528 0.0127271
63.5433 3.04247 0.0131062
60.4006 3.05168 0.0135079
60.4006 3.06495 0.0140406
59.6181 3.07381 0.0145179
59.8134 3.09255 0.0149703
60.6084 3.1211 0.0153671
62.9241 3.10677 0.0157244
63.8984 3.08523 0.0160344
60.9507 3.08063 0.0163179
58.3307 3.08005 0.0165807
58.3307 3.07997 0.0169027
56.4199 3.10125 0.0171739
55.8154 3.0991 0.0174334
55.4684 3.09896 0.0176904
55.9881 3.10705 0.0180474
55.3489 3.11498 0.0184007
53.69 3.11452 0.0188822
52.2783 3.07944 0.0193509
51.455 3.05995 0.0200452
50.8555 3.04698 0.0205199
49.6818 3.04304 0.0210212
49.133 3.04276 0.0217338
49.2397 3.04629 0.0224151
48.8496 3.0306 0.0231887
48.0031 3.00913 0.0231887
46.2729 3.00649 0.0247865
45.8575 3.00811 0.0247865
46.3375 3.00025 0.0231261
45.6222 2.97367 0.0217419
44.0276 2.92967 0.0193265
43.0758 2.93066 0.0180786
42.9624 2.93299 0.0165382
43.6466 2.92477 0.0153237
43.6466 2.91882 0.0153237
43.013 2.88011 0.0130391
39.3949 2.84547 0.0130391
42.0285 2.83648 0.0113245
41.0986 2.81006 0.0106781
36.6476 2.77705 0.0102466
33.6542 2.76003 0.0100946
33.8226 2.71542 0.0103251
34.4366 2.64824 0.0109262
34.5339 2.59885 0.0132671
33.6623 2.60279 0.0132671
36.2693 2.61693 0.0155865
37.6054 2.63731 0.0176321
37.6054 2.57727 0.018766
36.2085 2.60939 0.0162944
35.9787 2.65366 0.0147427
36.0398 2.5899 0.013364
36.0398 2.55142 0.0121851
35.2128 2.5912 0.011493
35.2569 2.57284 0.0114645
36.1807 2.54743 0.0119851
35.9543 2.5833 0.0129135
33.9793 2.56366 0.0140792
33.9793 2.58207 0.0154942
34.8967 2.62649 0.0176334
33.3123 2.62197 0.019494
31.5215 2.60925 0.0214578
31.5215 2.62267 0.0210796
32.418 2.57019 0.0199104
31.3599 2.53854 0.0191738
29.6623 2.59369 0.0186485
31.3027 2.60016 0.0182286
29.0849 2.57699 0.0179561
28.7349 2.57383 0.0179716
28.7349 2.60283 0.0181743
29.557 2.57075 0.0189724
27.5972 2.55489 0.0196355
27.8773 2.56111 0.0204309
27.9192 2.58911 0.0212803
26.8889 2.62954 0.0199965
25.9817 2.61286 0.0187574
25.4029 2.60565 0.0176634
24.9511 2.65401 0.0167513
24.5175 2.66431 0.0156739
24.5276 2.60712 0.015039
23.075 2.60361 0.0146922
23.3001 2.66323 0.0147001
23.7501 2.71298 0.0149885
20.4432 2.6967 0.0155611
19.1528 2.64548 0.0151666
19.4197 2.61208 0.0139483
18.5672 2.70888 0.0123562
18.462 2.68656 0.0115315
17.4472 2.56259 0.0110868
14.7427 2.57041 0.0110576
14.1856 2.49885 0.0110576
12.6255 2.55708 0.012756
11.1542 2.63872 0.0140113
11.115 2.56884 0.0140113
9.90409 2.48683 0.0148217
8.8792 2.40826 0.0151823
7.99209 2.3157 0.01582
5.32925 2.32232 0.0178577
4.83534 2.28979 0.0191928
6.08038 2.17868 0.020451
6.35097 2.08734 0.0218112
7.17265 2.00612 0.0218112
7.0246 1.87725 0.0229317
5.73608 1.69399 0.0239984
3.52138 1.59711 0.0247287
1.85799 1.56627 0.0255304
1.16343 1.55609 0.0262349
1.75265 1.55119 0.0269118
0.639225 1.54609 0.0281008
0.0844519 3.07887 0.0368353
0.00935792 0.411571 0.0335606
4.37965 2.83308 0.0332877
10.2589 2.75734 0.0329826
14.8175 2.76229 0.0325766
21.7776 2.86084 0.0324894
32.2437 3.03813 0.0324057
39.9993 3.04031 0.0322011
44.5717 3.04197 0.0319612
46.7548 3.08278 0.0317099
48.7668 3.08717 0.0314527
50.6457 3.07586 0.0310976
52.3434 3.06097 0.0310976
52.8077 3.05587 0.0307089
53.3351 3.04022 0.0304879
54.9308 3.01997 0.0301259
56.837 3.01357 0.0300481
58.3376 3.02468 0.030042
59.4803 3.04045 0.0301844
58.916 3.05775 0.0304642
58.916 3.06534 0.0304642
60.3471 3.07558 0.0312876
70.7929 3.07818 0.0312876
72.3645 3.13173 0.0317721
71.1542 3.10559 0.0321667
68.2882 3.11088 0.0330302
65.0711 3.11888 0.0335277
62.2492 3.10027 0.0335277
62.2492 3.0839 0.0344145
58.353 3.06329 0.0349076
58.3635 3.0506 0.0353771
59.2228 3.03443 0.0357537
58.8299 3.02284 0.0361188
57.6222 3.01688 0.0361188
56.4455 3.02017 0.0369117
56.2387 3.03189 0.0372311
54.6154 3.03919 0.0375677
53.6845 3.03681 0.0379003
53.1042 3.03902 0.0379003
51.6021 3.0346 0.0387383
50.5425 3.01971 0.0391025
49.1611 3.00313 0.0394859
48.2862 3.00798 0.0398635
47.5794 3.00658 0.0402579
47.0019 3.002 0.0405322
45.6886 3.00483 0.0399028
45.4851 3.00433 0.0399028
42.5646 2.99986 0.0390484
38.9347 2.96086 0.0384531
37.5136 2.83915 0.0379586
37.2243 2.80508 0.0374411
36.9519 2.82817 0.0361637
37.0415 2.87564 0.0354642
37.2045 2.9067 0.034891
38.0614 2.89605 0.034891
39.1905 2.88216 0.0340592
39.1122 2.86176 0.0335298
38.8969 2.86981 0.0330101
40.5205 2.89462 0.0323485
40.4186 2.90799 0.0318266
39.4406 2.86884 0.0314633
39.1405 2.84657 0.0311155
40.4455 2.84536 0.030764
42.3754 2.84854 0.030298
42.3754 2.85389 0.0301231
41.111 2.81212 0.0299892
39.0226 2.81445 0.0299671
40.135 2.83904 0.0300387
39.6239 2.83425 0.0303196
38.0071 2.79122 0.0303439
39.0179 2.78741 0.0286809
39.0179 2.81898 0.0264175
40.5856 2.78988 0.0246481
40.4419 2.76962 0.0229401
40.0236 2.8029 0.0213648
40.0236 2.85421 0.0199053
40.3337 2.81069 0.0181514
39.6949 2.79911 0.0171018
39.6578 2.84373 0.0161742
39.1663 2.83873 0.0155826
38.8882 2.82081 0.0154866
39.975 2.83385 0.0156809
40.3024 2.85397 0.0163056
38.5931 2.8708 0.0171709
39.5702 2.90536 0.018269
39.5702 2.92219 0.0173747
39.4514 2.90436 0.0150156
36.6449 2.89379 0.0128337
36.1137 2.8853 0.0110993
36.2332 2.85571 0.0100017
33.0941 2.8745 0.00920996
32.9589 2.8774 0.00884611
31.3449 2.87056 0.00901128
27.8584 2.83449 0.00964318
25.7385 2.81221 0.0106067
25.7385 2.78421 0.0122928
24.8658 2.78802 0.0144409
21.7238 2.77641 0.0140865
20.1156 2.77405 0.0124907
18.8847 2.81292 0.011072
17.6985 2.85781 0.0100323
14.5852 2.85041 0.00934844
9.24235 2.78869 0.00908547
9.24235 2.74617 0.00932421
6.75223 2.97979 0.0100057
3.70387 3.06827 0.0110232
1.50328 3.07812 0.0122923
0.343243 1.48733 0.0150985
0.661178 1.53585 0.0161211
1.13899 1.54407 0.0177482
1.03086 1.55555 0.0176902
1.03086 1.55587 0.0176767
0.244053 1.451 0.0196833
