0.755584 0.0587571 0.0103521
1.93945 0.0604764 0.00993683
4.84787 0.0609183 0.00962746
8.45545 0.0610583 0.00937285
11.5602 0.0596538 0.00924675
13.485 0.0526857 0.00921494
14.0356 0.0551353 0.00924622
13.8424 0.0603998 0.00933172
12.9916 0.0610452 0.00950559
12.9916 0.0611222 0.00968587
13.2498 0.0611338 0.00999631
13.7287 0.0611375 0.0103017
15.2853 0.0611437 0.0107101
18.3028 0.0611511 0.0111465
19.1761 0.0611551 0.0116183
19.7126 0.0611578 0.0121677
19.7126 0.0611593 0.0128307
19.7002 0.0611597 0.0133208
19.2492 0.061159 0.0138551
19.3295 0.0611592 0.0144026
19.3304 0.0611594 0.0144026
19.7889 0.0611604 0.0151341
20.0866 0.0611613 0.0162942
20.1307 0.0611617 0.0165541
20.5035 0.0611625 0.0165541
21.4305 0.0611642 0.0155629
21.8484 0.0611654 0.0141376
22.1042 0.0611661 0.0134875
22.8601 0.0611673 0.0126685
22.6536 0.0611675 0.0117747
21.7765 0.0611663 0.0110764
20.0739 0.0611639 0.0110764
19.5259 0.0611624 0.0101467
18.6533 0.0611612 0.00942192
19.1945 0.0611611 0.0089549
20.2326 0.0611628 0.00866724
21.5251 0.0611659 0.00854516
21.1208 0.0611661 0.0085632
19.8711 0.0611644 0.00909381
18.3378 0.0611615 0.00969403
17.6165 0.0611594 0.00969403
18.4435 0.0611591 0.0107013
19.2366 0.061161 0.0119678
19.6908 0.061163 0.0129008
20.0246 0.0611642 0.0140263
19.1057 0.0611651 0.0153249
18.8606 0.0611637 0.0164265
19.2281 0.0611636 0.0176929
20.0633 0.0611649 0.0188812
20.0633 0.0611658 0.0207564
18.9346 0.0611643 0.0219328
17.5279 0.0611611 0.021131
16.8478 0.0611593 0.021131
17.8609 0.0611612 0.0193579
17.9041 0.0611619 0.0185997
16.9406 0.0611604 0.0179664
15.6888 0.0611589 0.0174209
15.6888 0.0611569 0.0174209
15.1593 0.0611555 0.0166485
14.065 0.0611524 0.0164818
12.8705 0.0611481 0.0164995
12.5265 0.0611456 0.0166757
12.3293 0.0611446 0.0170264
12.046 0.0611437 0.0170264
10.6933 0.0611379 0.0184943
9.00526 0.0611271 0.0184943
7.97174 0.0611163 0.0194857
7.99735 0.0611138 0.0203264
8.59339 0.0611171 0.0224786
8.92511 0.0611225 0.0224786
7.77245 0.0611151 0.0248961
6.05597 0.0610945 0.0261444
4.5027 0.0610764 0.027332
4.5027 0.0610508 0.027332
3.27961 0.0610228 0.0294394
2.09832 0.0609488 0.0293128
2.24589 0.060892 0.0285918
3.86059 0.0610014 0.0279928
5.11729 0.0610575 0.0269507
5.05279 0.061066 0.0263011
4.38789 0.0610522 0.025824
4.15331 0.0610414 0.025824
4.94747 0.06106 0.0253287
5.01866 0.0610324 0.0250381
4.62332 0.0610584 0.0247319
3.99714 0.0610471 0.0244288
4.11937 0.0610394 0.0242609
4.86603 0.0610604 0.0241845
4.87163 0.061066 0.0241787
3.35975 0.0610254 0.0242368
2.23871 0.0609704 0.0243188
3.41808 0.0609759 0.0244002
3.4452 0.0610086 0.0245082
4.18966 0.0610397 0.0246965
5.14705 0.0610634 0.0249784
6.9624 0.0610957 0.0254207
7.21095 0.0611114 0.0257656
6.44696 0.0611067 0.0261125
4.44921 0.0610867 0.0266688
4.44921 0.0610642 0.0270983
4.80128 0.0610353 0.0279098
5.11726 0.0610749 0.0284668
4.78673 0.0610724 0.0291123
5.25008 0.0610787 0.0297158
4.56069 0.0610755 0.0303246
2.3448 0.0610682 0.0309166
2.3448 0.0609666 0.0309166
2.25896 0.0609356 0.0292488
4.61516 0.0610508 0.0283512
6.33405 0.0610988 0.0273737
6.28756 0.0611061 0.0263993
6.47036 0.0611093 0.0246003
6.78201 0.0611137 0.0237182
6.18932 0.0611076 0.022827
4.3623 0.0610731 0.022827
3.46852 0.0610426 0.0215497
5.01441 0.0610641 0.0206098
6.3028 0.0610973 0.0195627
5.27556 0.0611002 0.0187319
4.26724 0.0610817 0.0180381
2.87585 0.0610252 0.017311
1.31027 0.0608689 0.0166808
1.60317 3.08008 0.0147531
0.744598 3.07951 0.0169085
1.33493 3.07991 0.0169085
1.23963 3.07999 0.017203
0.517778 3.07969 0.0174105
0.0757947 3.07194 0.0202531
0.869221 3.07942 0.0203847
1.58004 3.07984 0.0204987
0.433013 3.08009 0.020632
0.0960541 3.07405 0.0214224
0.42903 3.07869 0.0216436
1.15209 3.07982 0.0218308
0.504111 3.07983 0.0220033
0.181807 3.07893 0.0222171
0.621211 3.07935 0.0224452
0.721249 3.07972 0.0227599
0.557656 3.07971 0.0229583
0.920336 3.07982 0.0231464
0.650356 3.07992 0.0233723
0.48474 3.07961 0.0244258
0.995875 3.07956 0.0245172
1.31368 3.07996 0.0246134
0.462102 3.08007 0.0247391
0.480562 3.07968 0.0248697
0.843803 3.07958 0.0250061
0.843803 3.07989 0.0250061
1.05335 3.07999 0.0249817
0.18555 3.0776 0.0239632
0.798999 3.07961 0.0238393
1.12041 3.08001 0.0236394
1.89655 3.08016 0.0234762
1.87642 3.08019 0.0233224
1.93874 3.08019 0.0229714
1.97889 3.0802 0.0229714
1.55511 3.08016 0.0227627
0.038666 3.07953 0.0225587
0.0937432 3.07226 0.0215968
0.714367 3.07948 0.0214486
0.117227 3.08015 0.0213375
0.0395901 3.06015 0.0209158
0.625134 3.07929 0.0208941
0.207265 3.07914 0.0208611
0.207265 3.07881 0.0207585
0.49142 3.07422 0.0205201
0.528956 3.07963 0.0203824
1.51357 3.08006 0.0202202
1.51357 3.08016 0.0200312
1.45807 3.08017 0.0198475
1.60091 3.08017 0.0196196
0.872322 3.08018 0.0193725
0.738229 3.08005 0.0191833
0.898603 0.0693172 0.0179555
0.898603 3.07999 0.0177658
0.759455 3.07998 0.0176388
0.322474 3.07913 0.0173856
0.853263 3.07996 0.0173638
0.795861 3.08001 0.0173034
0.448705 3.07963 0.0170051
1.0517 3.08008 0.0170051
1.40015 3.08015 0.0168313
0.623044 3.08002 0.0167404
0.829001 3.07993 0.0160524
1.35303 3.08012 0.0159527
0.959902 3.08014 0.0158316
0.972035 3.0801 0.0157232
0.759521 3.08004 0.0156194
0.284197 3.07986 0.0155088
0.152765 3.07909 0.0153614
0.922793 3.08001 0.015238
1.53255 3.08016 0.0150603
1.6626 3.08021 0.0149425
0.680195 3.08015 0.0148221
0.063976 3.08002 0.0146993
0.35314 3.07886 0.0143131
0.647006 3.07982 0.0142289
0.0997509 3.07495 0.000696227
0.0997509 3.07756 0.000747126
1.31118 3.08013 0.000798266
1.68651 3.08023 0.000804589
0.97751 3.08005 0.000869176
1.43522 3.08017 0.000916876
1.43522 3.08021 0.00100459
1.441 3.08021 0.00107536
0.765741 3.08009 0.00113943
1.12868 3.07996 0.00160058
1.86656 3.08022 0.00170071
1.87986 3.08026 0.00177659
2.18084 3.08027 0.00185748
2.69115 3.08029 0.0019739
2.62172 3.0803 0.00207227
2.41728 3.08029 0.00217726
2.1018 3.08028 0.00232824
1.22933 3.08025 0.00241857
0.507749 3.08014 0.00251576
0.608611 3.08002 0.00304349
0.608611 3.08002 0.00309597
0.608611 3.08002 0.00309597
0.587625 3.07902 0.00311338
1.01197 3.08011 0.00335123
0.424215 3.07978 0.00369792
0.645124 3.08003 0.00384626
0.257953 3.07998 0.00398196
0.729561 3.07967 0.00410824
0.729561 3.08008 0.00425461
0.911093 3.08016 0.00434854
1.81763 3.07997 0.00484844
1.59231 3.08027 0.00488612
2.01282 3.08028 0.00493613
2.01282 3.08029 0.00498801
1.64646 3.08028 0.00507031
2.08466 3.08027 0.00514121
2.46624 3.08029 0.00520232
2.46624 3.08031 0.00520232
2.53974 3.08031 0.00531092
1.20852 3.08026 0.00537674
0.568282 3.07973 0.00568795
1.19464 3.08017 0.00572001
2.1151 3.08027 0.0057564
2.92629 3.08032 0.00578152
3.32509 3.08033 0.00580678
3.18137 3.08033 0.00584036
2.56792 3.0803 0.00589178
1.67485 3.08029 0.00589178
0.314348 3.07964 0.00614357
1.08327 3.08021 0.00614357
1.8061 3.08028 0.00618505
1.95406 3.0803 0.00622035
2.19188 3.0803 0.00626006
2.61566 3.08032 0.00627869
1.53286 3.0803 0.00628001
0.28189 3.07968 0.00625949
0.723811 3.07995 0.00653822
1.5746 3.08015 0.00661648
1.5746 3.08028 0.00672882
0.1374 3.08026 0.00679169
0.3381 1.02036 0.00725385
1.39383 0.979416 0.00730895
2.36631 1.06675 0.00736677
2.36141 1.07252 0.00743118
2.3783 1.07318 0.00749913
2.30231 1.07293 0.00756882
1.84083 1.07085 0.00763603
0.397319 1.06873 0.00768031
1.77415 2.00277 0.00711134
2.73127 2.03092 0.0070684
1.8995 2.03476 0.00703447
1.04597 2.02914 0.00698706
0.172636 1.80979 0.00697361
0.172636 1.55581 0.00704975
0.278101 1.72632 0.00760651
0.450948 1.88678 0.00763359
0.0836997 1.43389 0.00746933
1.99813 2.02415 0.0088772
0.435379 2.02193 0.0083231
0.172954 1.97875 0.00784225
0.172954 1.86313 0.00784225
0.139629 1.76399 0.00867604
1.46785 2.01419 0.0103071
0.423928 2.00883 0.0109785
2.00392 2.01406 0.0166456
0.976477 2.02393 0.0180448
0.976477 2.01521 0.0179106
1.235 2.03987 0.0180776
0.546031 2.02108 0.0185219
0.835405 2.002 0.023283
1.67168 2.02626 0.02516
2.51735 1.85229 0.02516
3.21432 1.04638 0.0269378
4.11673 0.632111 0.0285362
5.5773 0.527408 0.0289714
7.3084 0.485398 0.0290972
8.20363 0.478133 0.0297195
7.91751 0.48153 0.0302086
8.35994 0.533064 0.0306442
8.35994 0.648566 0.0313153
9.83669 0.665764 0.0313153
11.5928 0.607131 0.0322748
13.3247 0.50032 0.0331007
15.1624 0.480672 0.0337717
15.7258 0.478595 0.034763
15.301 0.478345 0.0359849
15.2965 0.478313 0.037005
15.0931 0.504734 0.0367925
15.3051 0.563176 0.0362195
16.3138 0.538051 0.0358905
17.3931 0.485358 0.0356982
17.6476 0.47931 0.0355983
17.5997 0.478579 0.0355415
18.6804 0.478517 0.0355149
19.141 0.478543 0.0356842
18.9367 0.478552 0.036044
19.2674 0.478553 0.0364265
19.2752 0.47836 0.0367936
18.2831 0.478525 0.0373454
17.4471 0.478512 0.0380839
17.9574 0.47851 0.038802
18.944 0.478546 0.0396913
18.8275 0.47857 0.0383603
17.9542 0.478571 0.0375422
17.9542 0.460433 0.0365055
17.8503 0.385567 0.0360518
18.1218 0.413334 0.0357568
18.8515 0.470532 0.035502
18.2371 0.477599 0.0354362
18.0747 0.44971 0.0355963
18.5277 0.422553 0.035983
19.5122 0.377222 0.0366086
19.5122 0.351537 0.0374782
20.5705 0.27719 0.0387709
21.1812 0.259275 0.0401071
21.0295 0.302073 0.041308
21.6828 0.2787 0.0404496
23.1794 0.219631 0.0396486
23.8156 0.241563 0.0389764
24.4577 0.260344 0.0384033
24.4577 0.242352 0.0378303
24.6358 0.193163 0.0375727
24.2945 0.206058 0.0375413
24.2945 0.261783 0.0376776
24.2694 0.317195 0.0379902
24.9236 0.322531 0.0379902
25.8282 0.322022 0.0383953
25.3427 0.350761 0.0396085
24.9528 0.344735 0.0404543
24.9528 0.331409 0.0415214
25.1796 0.29727 0.0426278
25.7447 0.300594 0.0437288
25.8731 0.320443 0.0446536
26.1521 0.350901 0.0436901
26.1521 0.363134 0.0428508
26.3666 0.351888 0.041757
26.2074 0.364927 0.0412176
26.1126 0.336316 0.0407602
26.1308 0.300677 0.0405379
25.7925 0.257218 0.0404423
25.8049 0.244571 0.0404423
25.1329 0.254019 0.0405774
24.2851 0.250167 0.0408635
24.2475 0.235877 0.0413409
25.2422 0.219395 0.0419424
26.0076 0.188902 0.0427018
26.5109 0.181272 0.0442629
27.9786 0.127504 0.0455153
27.3982 0.161419 0.0470677
25.9077 0.199831 0.0483933
25.5336 0.233894 0.049797
27.546 0.245018 0.049926
28.476 0.236502 0.0490449
27.9571 0.201489 0.0484438
28.1734 0.18469 0.047692
29.2163 0.175706 0.047164
29.2163 0.149871 0.0468178
27.9073 0.108026 0.0465806
28.0965 0.0854441 0.046559
28.1097 0.118354 0.0466558
26.6997 0.145458 0.0468827
25.7108 0.130178 0.0471851
25.7108 0.106194 0.0477762
27.4723 0.0812027 0.048443
27.0441 0.0747899 0.0492291
25.4746 0.107367 0.0500352
25.4746 0.0801044 0.0510944
26.0971 0.0677507 0.0525295
26.0532 0.0820338 0.0536807
25.7159 0.0677531 0.0550494
25.7159 0.0792608 0.0567243
27.1754 0.0896151 0.055813
24.8977 0.096732 0.0550209
24.7438 0.129387 0.0543201
25.3573 0.129566 0.0535713
23.6778 0.102406 0.0530643
21.8374 0.0739293 0.052618
23.3873 0.065747 0.0522845
23.3873 0.0786207 0.0521546
22.6658 0.0772144 0.0521563
21.5071 0.122205 0.0523061
22.5931 0.133481 0.0526282
23.7258 0.146654 0.0530642
24.0759 0.127707 0.0535561
25.3679 0.140356 0.054333
24.6923 0.119409 0.0550745
24.6923 0.115158 0.0560487
22.4528 0.117654 0.0560487
23.2479 0.127642 0.057056
22.2955 0.136319 0.0595841
21.3007 0.132474 0.0608699
22.4985 0.131572 0.0612909
23.6148 0.126064 0.0599827
22.6051 0.155896 0.0590108
22.3066 0.184783 0.0590108
23.0132 0.166523 0.0576281
21.7846 0.169946 0.0567466
20.0388 0.159098 0.0555014
20.3678 0.118859 0.0555014
20.9987 0.0785248 0.0547886
19.6346 0.0366535 0.0544206
20.0632 0.0368271 0.0541322
21.7385 0.0655869 0.0539648
21.3151 0.130198 0.0539149
19.6341 0.217842 0.0539649
19.8672 0.209918 0.0541599
19.7802 0.183342 0.0544303
17.1517 0.18427 0.0548181
16.6857 0.164212 0.0552498
18.3545 0.112137 0.056024
17.1276 0.111673 0.0567871
16.4468 0.138185 0.0577972
18.392 0.15227 0.0586756
17.8637 0.15831 0.0597391
16.5519 0.205457 0.0607226
17.9272 0.250991 0.0620087
18.6871 0.260709 0.0608565
16.8225 0.3093 0.0595953
15.5952 0.351918 0.0584173
16.4353 0.362752 0.0569238
15.2374 0.276063 0.0555493
13.0538 0.252643 0.0545152
14.3968 0.197049 0.0536539
15.7462 0.152844 0.0528478
14.8704 0.171714 0.0521238
13.6278 0.20918 0.0513549
14.8067 0.186014 0.0507476
15.1132 0.224449 0.0501454
13.716 0.310711 0.0497491
13.5917 0.361729 0.0494631
15.6285 0.296373 0.0491948
15.6628 0.31347 0.0490804
14.3715 0.345474 0.0490386
15.1535 0.318442 0.0490721
16.0571 0.263307 0.0491806
14.3759 0.238162 0.0494771
13.1228 0.203442 0.0497372
13.7341 0.140391 0.0500668
14.5958 0.107202 0.050461
14.5584 0.1562 0.0509647
13.723 0.198894 0.0514723
14.4894 0.286047 0.0523119
15.5829 0.351328 0.0530465
14.7368 0.381022 0.0539212
13.072 0.421148 0.0547662
12.7363 0.412637 0.0551092
13.4048 0.286071 0.0536354
13.6256 0.263416 0.0518682
12.5695 0.24488 0.0503146
12.3788 0.186536 0.0489453
13.5715 0.121329 0.0475887
13.5715 0.0934796 0.0454395
13.642 0.0985896 0.044245
12.4497 0.0707829 0.0429675
13.4992 0.0169188 0.041731
13.3877 0.0518974 0.0406768
12.4393 0.102856 0.0395937
11.4398 0.128184 0.0385665
11.7922 0.163217 0.0376836
11.6441 0.18916 0.0365925
10.9701 0.200941 0.0358512
10.9701 0.167261 0.0350984
10.4737 0.0586554 0.0342391
10.9793 0.0728229 0.0337268
12.0191 0.110372 0.0331987
13.0169 0.227095 0.0328499
12.0013 0.313421 0.0325247
12.0013 0.329105 0.0325247
10.9606 0.262623 0.0320766
10.5108 0.198841 0.0319943
9.60889 0.199057 0.0319879
8.12326 0.261569 0.0320453
6.6575 0.286497 0.0322084
5.35721 0.0997507 0.0323955
4.77605 0.060605 0.0326949
4.11843 0.0868713 0.0326949
2.83051 0.311452 0.0330847
1.41526 0.428142 0.0334025
0.0375503 0.897509 0.00791968
0.625697 0.0493376 0.0112455
1.88132 0.0503753 0.0107918
3.10885 0.0506945 0.010242
3.2777 0.0507699 0.00988892
2.77118 0.0507621 0.00949814
2.17256 0.0507101 0.00930462
2.7987 0.0506703 0.0091984
4.09999 0.0507385 0.00925844
5.20106 0.0508527 0.00945641
5.80233 0.0508837 0.00972722
6.38678 0.0508995 0.0100639
6.46044 0.0509068 0.0104843
6.32032 0.0509086 0.0111495
6.10278 0.050907 0.0115591
6.35841 0.0509034 0.0121063
6.65453 0.0509106 0.0126259
6.65453 0.0509138 0.0131699
9.18515 0.0509262 0.0140229
9.89712 0.0509445 0.0146448
10.2339 0.0509533 0.0152737
10.2339 0.0509554 0.0161018
9.312 0.0509506 0.016847
8.54876 0.0509431 0.0175099
8.15763 0.0509393 0.0173163
8.01173 0.0509371 0.0166355
8.48728 0.0509358 0.0158886
8.80448 0.0509418 0.0152179
8.80448 0.0509456 0.0145688
9.36315 0.0509501 0.0145688
9.36177 0.0509515 0.0134799
9.15842 0.0509507 0.0129024
9.23713 0.0509511 0.0122483
9.51191 0.0509532 0.0116352
9.37434 0.0509532 0.0105318
9.15064 0.0509519 0.0100654
8.95123 0.0509503 0.00961806
9.01737 0.0509509 0.00961806
9.1358 0.050952 0.00902449
9.08925 0.0509523 0.00902449
11.1635 0.0509637 0.00898969
11.1802 0.0509667 0.00913938
10.0105 0.0509639 0.00942751
8.96913 0.0509551 0.00983874
8.35757 0.0509489 0.010371
7.7394 0.0509428 0.01094
8.09178 0.0509443 0.0117805
8.96958 0.0509516 0.0126536
10.564 0.0509626 0.0134924
11.7349 0.0509686 0.01447
12.0571 0.0509726 0.0157785
11.8768 0.0509732 0.0166831
11.8524 0.0509732 0.017589
11.6156 0.0509726 0.0187386
11.4876 0.0509722 0.0198904
11.1183 0.0509712 0.021025
11.8916 0.0509725 0.0207522
12.2913 0.0509756 0.0199657
12.5092 0.0509769 0.019196
12.2167 0.050977 0.0183914
11.8964 0.050976 0.0176462
12.2571 0.0509763 0.0168207
12.2571 0.0509771 0.0159173
11.5211 0.0509749 0.0153024
10.9739 0.050972 0.0147772
11.9077 0.050975 0.014268
11.4604 0.0509764 0.01388
11.3747 0.0509747 0.0135641
11.4576 0.0509747 0.0133057
11.318 0.0509747 0.0131377
11.318 0.0509747 0.0129668
11.1039 0.0509741 0.0128613
10.4795 0.0509716 0.012863
10.5477 0.0509714 0.0129802
10.3912 0.0509708 0.0131678
10.3362 0.0509707 0.0134701
12.012 0.0509746 0.0139244
11.9315 0.0509787 0.0144989
11.9315 0.0509791 0.0152281
10.5025 0.0509734 0.0159704
8.81803 0.0509663 0.0166974
8.81803 0.0509627 0.0175139
8.68036 0.0509617 0.0175139
7.5472 0.0509543 0.0198475
7.80046 0.050954 0.0208635
8.34121 0.0509588 0.0218993
8.55801 0.0509612 0.0232839
8.52507 0.0509615 0.0243045
8.59455 0.0509621 0.0243001
9.44929 0.0509679 0.023566
11.12 0.0509732 0.022789
11.12 0.0191192 0.0220997
10.0223 0.0414892 0.0210812
8.60915 0.0496004 0.0204012
7.72062 0.0507625 0.0204012
6.82428 0.050923 0.0195234
6.88894 0.0509453 0.0189939
8.01772 0.0501747 0.0184234
8.25174 0.0507445 0.0175369
8.39706 0.050937 0.0171575
8.5768 0.0509622 0.0168093
8.33033 0.0509638 0.0165721
7.72957 0.0509605 0.0165721
6.64577 0.0509596 0.0162981
6.49092 0.0509491 0.0161093
6.00717 0.050944 0.0160033
6.80817 0.0509465 0.0159525
8.13727 0.022046 0.0159689
8.3164 0.0472647 0.0160778
7.44107 0.0450514 0.0162335
6.86894 0.0187756 0.0164801
6.06055 0.0413061 0.016861
6.01491 0.049693 0.0171836
5.81416 0.0507533 0.017639
6.26924 0.0446097 0.0181355
5.72392 0.0501945 0.018576
5.22066 0.0508323 0.0191185
5.48982 0.0509229 0.0196633
5.5917 0.0509375 0.0203414
5.0954 0.0509402 0.0211215
4.15603 0.0509238 0.0218487
4.5758 0.0509182 0.0225325
4.2085 0.0509172 0.0232628
3.05494 0.0508956 0.0241935
2.33325 0.0508738 0.0249625
2.39815 0.0508301 0.0261215
2.33935 0.0508284 0.0265439
2.33935 0.0508245 0.0256107
2.97503 0.050864 0.0248597
3.6628 0.050886 0.0240237
4.19551 0.0508981 0.0233009
3.16412 0.0509146 0.0225839
3.43793 0.0508858 0.0217439
3.61393 0.0508954 0.021069
3.16723 0.0508995 0.0203093
3.16723 0.0508848 0.0192049
1.99087 0.050827 0.0184021
1.9254 0.0508095 0.017717
2.04978 0.0507931 0.0170585
1.66689 0.0507811 0.0164262
1.21477 0.0507177 0.0157875
1.17043 0.0506583 0.0150992
1.62793 0.0507075 0.0144962
1.74505 0.0507476 0.0136578
2.47976 0.0507693 0.0130279
2.47976 0.0508418 0.0124604
3.12542 0.0508783 0.0117502
1.40578 0.0508358 0.0112455
2.20409 0.0507576 0.0107627
2.20409 0.0508214 0.0103796
2.48993 0.0508416 0.0103796
0.830656 0.0506738 0.00975576
0.113522 0.0505364 0.00933133
0.734544 0.0502005 0.00912001
0.397511 0.0492746 0.0089196
0.51608 0.0499062 0.00890321
0.258913 0.0501793 0.00893132
0.959694 0.0504523 0.00955603
0.749765 0.0504939 0.00973982
2.65456 0.0507352 0.00990955
2.89343 0.0508646 0.0101178
2.89343 0.0508853 0.0103134
1.90929 0.0508395 0.0103134
0.46494 0.0499355 0.0137225
0.13755 0.0491917 0.0137225
0.840698 3.08765 0.0249735
0.893469 3.09015 0.0249404
0.554202 3.09012 0.0248092
0.194492 3.08977 0.0246738
0.144826 3.08896 0.0245189
0.575854 3.08849 0.0243903
1.16032 3.09019 0.0241809
1.16032 3.09029 0.0239786
2.18494 3.09041 0.0238322
0.757025 3.0904 0.0236977
0.491342 3.08976 0.0227927
1.37247 3.09024 0.0227927
0.0595296 3.09012 0.0225824
0.181573 3.08842 0.0217694
0.781472 3.08996 0.0215718
0.950195 3.09024 0.0214172
0.208199 3.09007 0.0212699
1.0633 3.09004 0.0203906
1.57631 3.09029 0.0202154
0.761313 3.09031 0.0201239
1.90595 3.09018 0.0195328
1.58734 3.09041 0.0194561
1.15996 3.09037 0.0193659
1.02169 3.09033 0.0192641
1.50905 3.09036 0.019153
1.47072 3.09038 0.0190229
1.41966 3.09039 0.0188329
1.41966 3.09038 0.0186749
1.72964 3.09041 0.0185647
0.66276 3.09024 0.0184491
0.542667 3.08995 0.017738
2.17324 3.09044 0.0176295
2.41604 3.09046 0.0174892
1.1296 3.09042 0.0173356
1.41042 3.09036 0.0171835
1.61828 3.09039 0.0170519
1.48591 3.0904 0.0169285
1.48591 3.0904 0.0167726
1.12916 3.09036 0.0166521
0.342307 3.09002 0.016534
0.925875 3.09023 0.0161942
2.40053 3.09045 0.0161518
2.16716 3.09046 0.0160283
2.63008 3.09047 0.0160283
2.71902 3.09048 0.01595
2.30182 3.09047 0.0158581
2.14287 3.09046 0.0157852
1.84859 3.09045 0.0157091
0.829779 3.0904 0.0156335
2.52224 3.09036 0.0153149
2.46686 3.09047 0.0152557
1.82833 3.09046 0.0151699
1.88959 3.09045 0.0150595
2.16944 3.09046 0.0149503
1.72994 3.09045 0.0148297
1.6815 3.09044 0.0147067
1.60127 3.09044 0.0145167
1.60127 3.09043 0.014408
0.0453785 3.08969 0.014293
0.290625 3.08913 0.0139827
1.40206 3.08981 0.0139442
2.17367 3.0904 0.0138813
2.17367 3.09046 0.0138339
2.40889 3.09048 0.0137795
1.46806 3.09046 0.0137397
0.608843 3.09043 0.0137105
0.199805 3.08855 0.0136515
0.0682651 3.08893 0.0136382
0.548551 3.08994 0.0136101
1.17696 3.09019 0.013553
1.30751 3.09039 0.0134708
2.0519 3.09045 0.0133957
3.03075 3.09047 0.0132813
3.49169 3.0905 0.0132103
2.87591 3.09051 0.0131248
1.27464 3.09047 0.013027
0.380969 3.09043 0.0129151
0.535818 3.09024 0.0127651
0.88598 3.0903 0.0126403
0.88598 3.09035 0.012506
1.756 3.09045 0.012506
2.79642 3.09049 0.0121978
2.33951 3.09049 0.0121057
1.13982 3.09044 0.0120363
1.88445 3.09046 0.0120104
0.539183 3.09012 0.0120309
1.00674 3.09036 0.012033
1.48694 3.09043 0.0120249
1.96916 3.09047 0.0120201
2.0176 3.09048 0.0120201
1.2678 3.09046 9.53846e-05
0.938404 3.0904 0.000152726
0.0705451 3.09 0.000193472
1.00374 3.09034 0.000289177
2.37055 3.09046 0.000304862
3.18517 3.0905 0.00032276
3.00848 3.09051 0.000362207
1.24888 3.09047 0.000410197
1.04776 3.09042 0.000498972
1.4444 3.09041 0.000619764
1.17602 3.09043 0.000805591
1.32102 3.09043 0.000927297
1.35747 3.09044 0.00110056
0.829087 3.09044 0.00121955
0.145139 3.09027 0.00133912
0.331519 3.09001 0.00143614
0.515707 3.09018 0.00151267
1.52471 3.08999 0.00152892
1.9431 3.09045 0.00153236
1.37429 3.09047 0.00154924
1.37429 3.09045 0.00158197
0.657969 3.09038 0.00158197
0.652983 3.09034 0.0016183
0.417579 3.09016 0.00184182
1.89029 3.09047 0.0019771
2.96344 3.09051 0.00204529
3.41186 3.09052 0.00204529
1.40211 3.09049 0.00212086
1.21662 3.09045 0.00227788
1.52983 3.09046 0.00241273
1.80989 3.09048 0.00271571
2.0319 3.09049 0.00271571
2.62752 3.0905 0.00289225
2.24391 3.0905 0.00304171
1.82846 3.09049 0.00314669
1.19825 3.09046 0.00324157
0.109877 3.09022 0.00331391
0.082342 3.08707 0.00342548
0.158885 3.08936 0.00337062
0.303887 3.09034 0.00359704
0.000881581 0.0400283 0.00418401
1.29048 0.0669617 0.00438105
2.0647 3.09045 0.00454074
1.09774 3.0905 0.00467873
1.09774 3.09046 0.00489892
0.275954 3.09025 0.00505168
0.179723 3.08916 0.00521467
0.533101 3.08983 0.00535203
0.648333 3.09034 0.00548189
0.648333 3.09037 0.00564829
1.47961 3.09048 0.00573077
0.420763 3.09019 0.00583207
1.87541 3.09049 0.00583822
3.16238 3.09052 0.00585719
3.43117 3.09053 0.00590314
1.88145 3.09051 0.00596701
1.85448 3.0905 0.00603735
1.85448 3.0905 0.00610935
1.92039 3.0905 0.00610935
2.12118 3.09051 0.0062295
1.49525 3.09049 0.00628483
1.75295 3.0905 0.00635009
0.824101 3.09046 0.00635009
0.130783 3.09023 0.00640435
0.987591 3.09041 0.00649053
1.63507 3.09048 0.00652174
2.43929 3.09051 0.0065824
3.14807 3.09053 0.00662273
3.37152 3.09053 0.00667049
3.00334 3.09053 0.00672305
2.54409 3.09052 0.00678922
2.27844 3.09052 0.00682927
0.482204 3.09049 0.0068678
0.972659 3.09043 0.00687827
1.57756 3.09049 0.00697792
2.04813 3.09051 0.0070489
0.470207 3.09049 0.00712604
1.11942 3.0904 0.00765548
2.76406 3.09051 0.00778137
2.90014 3.09053 0.00787892
2.20912 3.09053 0.00798241
1.5158 3.09052 0.00813498
1.64086 3.09051 0.00825681
1.24341 3.0905 0.0083481
0.973365 3.09048 0.00844235
0.299818 3.09042 0.00852985
1.08748 3.09046 0.00871254
2.17166 3.09051 0.00871278
1.89428 3.09052 0.00871535
2.26101 3.09052 0.00871812
1.71901 3.09052 0.00871881
0.765019 3.09048 0.00872033
0.357134 3.09009 0.0087141
0.666133 3.10138 0.00874046
1.79318 1.58747 0.00878168
2.65883 1.11665 0.00883932
2.43263 1.09199 0.0088964
2.43263 1.08887 0.00900606
2.59493 1.0895 0.00906563
0.472614 1.08405 0.0091273
0.304553 1.04224 0.00918609
0.781158 0.989794 0.00921923
1.41072 1.49022 0.00884201
1.41072 1.51797 0.0087139
0.477916 1.48696 0.00858648
0.208192 2.52329 0.00846652
0.945913 2.78951 0.00847847
0.929221 2.16625 0.00847847
0.826623 2.00921 0.00852883
0.166527 1.91491 0.00869569
0.587567 1.96091 0.00880879
0.395763 2.12 0.00880879
0.136238 2.78435 0.00899162
0.44336 2.01239 0.00876815
1.48178 2.0054 0.0085026
2.27687 2.01603 0.00845367
0.290104 1.95555 0.00847651
0.342342 2.58958 0.00857178
0.456221 2.8041 0.00828717
0.272712 2.9275 0.00812603
1.91996 1.98056 0.0112483
2.664 2.01402 0.0111929
0.397824 2.00888 0.0106353
0.247802 2.47172 0.0135438
0.247802 2.5856 0.0154497
0.927356 1.49086 0.0281967
0.190753 0.28948 0.0347129
0.190753 0.38688 0.0347129
0.398256 0.422022 0.0343455
3.07269 0.457895 0.0339472
4.25126 0.460056 0.0339768
4.59485 0.460835 0.034193
5.18642 0.461232 0.0343639
6.58224 0.245708 0.0346635
7.79369 0.0806968 0.0351767
7.00824 0.106755 0.0363154
6.9672 0.188468 0.0363154
6.67669 0.283584 0.0371344
7.21397 0.277652 0.0381369
7.90842 0.182989 0.0389152
9.43007 0.131909 0.0397209
10.7933 0.171912 0.0390319
12.0527 0.202841 0.0379997
13.4868 0.168698 0.0373162
13.1767 0.166829 0.0367461
12.4169 0.184506 0.0360557
13.5168 0.346159 0.0355558
15.9302 0.2663 0.0352707
16.4793 0.217298 0.035209
16.4233 0.239298 0.0352993
15.9814 0.250901 0.0354126
15.9272 0.249829 0.0356074
15.8937 0.230531 0.0361528
16.4979 0.247198 0.0368951
16.6657 0.235846 0.0375766
15.4196 0.245174 0.0384771
14.3474 0.378511 0.0392363
15.298 0.452415 0.0387519
17.2884 0.379853 0.0373699
18.7589 0.299377 0.0364174
18.8454 0.269882 0.0356423
18.946 0.252308 0.0347525
18.946 0.237752 0.0341824
20.8164 0.217309 0.0336493
21.4094 0.311446 0.0334635
22.02 0.37188 0.0334423
23.1359 0.354887 0.0335582
23.7704 0.346602 0.0338218
23.8784 0.385085 0.0342365
23.6532 0.406382 0.0350284
23.8449 0.338073 0.0355951
23.8449 0.282344 0.0365044
24.8141 0.25251 0.037545
24.5414 0.342434 0.0389101
24.6334 0.426552 0.038947
22.5602 0.406557 0.0377392
22.3545 0.370132 0.0366337
22.3545 0.367861 0.0366337
22.4934 0.367916 0.0342479
22.8855 0.325469 0.033448
22.4942 0.280064 0.0328523
21.9566 0.322176 0.0323057
21.8832 0.414216 0.031929
22.5403 0.428327 0.0316942
23.2374 0.396181 0.0316025
23.1703 0.339429 0.0316025
23.8374 0.324332 0.0317965
24.3227 0.322692 0.0321171
24.5285 0.287495 0.0326224
23.6317 0.304221 0.033276
23.3343 0.349005 0.0339511
24.1561 0.404676 0.0348403
24.9573 0.412904 0.0358906
24.8296 0.394071 0.0369584
23.4885 0.388545 0.038545
23.6428 0.374684 0.0404457
23.3826 0.368229 0.039799
22.7208 0.341686 0.0387562
21.9079 0.305682 0.0376146
22.1108 0.286026 0.0367955
22.367 0.290839 0.0360845
22.367 0.299335 0.0355033
21.7875 0.330266 0.0355033
22.0031 0.352341 0.034617
22.3876 0.365401 0.0344834
21.5805 0.372053 0.0345082
20.9901 0.362486 0.0346803
23.0252 0.344348 0.0352319
23.3573 0.329504 0.0358897
22.2339 0.312362 0.0366767
22.0964 0.281845 0.0374862
23.914 0.272162 0.0388982
23.5094 0.281509 0.0399908
22.2709 0.311403 0.0411463
23.0171 0.359686 0.0425127
25.0048 0.418393 0.0438809
24.0463 0.445853 0.0453273
22.5623 0.46171 0.0464596
23.3278 0.43296 0.0452189
23.7549 0.414335 0.0440065
22.7807 0.351829 0.0431989
22.1157 0.324318 0.0424886
23.4051 0.34202 0.0418245
24.4182 0.385208 0.0413594
24.1715 0.424468 0.04102
23.3179 0.447892 0.0407525
23.3179 0.451657 0.0406027
23.9528 0.431496 0.0406027
23.0731 0.419761 0.0407916
21.6311 0.407346 0.0410948
22.304 0.398996 0.04151
22.4596 0.433521 0.0421495
20.9674 0.46007 0.0428465
19.6261 0.463458 0.0436323
20.9571 0.454431 0.0447622
21.7358 0.436728 0.0458298
19.74 0.443074 0.0474714
19.74 0.452163 0.0486676
20.3665 0.422576 0.0508962
22.7288 0.42969 0.0522915
21.0199 0.439893 0.0538713
23.3777 0.421962 0.0528902
23.4434 0.34553 0.0519769
21.0799 0.323585 0.0510792
21.0799 0.320601 0.0500418
22.7979 0.3007 0.0494136
21.7407 0.298674 0.0488921
20.1448 0.308618 0.0484214
20.1448 0.367799 0.0480985
21.813 0.318548 0.0477834
22.4539 0.255233 0.0476712
20.1988 0.214303 0.047641
20.1988 0.152494 0.0477225
21.5974 0.112313 0.0479165
21.5715 0.133601 0.0481649
18.9169 0.13437 0.0484856
20.1841 0.114927 0.0489142
20.9251 0.118489 0.0495148
20.9251 0.181538 0.0501258
19.7106 0.262695 0.0511152
19.7106 0.322659 0.0511152
20.7042 0.316429 0.0531111
20.0876 0.340807 0.0540569
18.0637 0.363369 0.055072
18.7773 0.355189 0.0563262
17.8915 0.279621 0.0575297
15.9756 0.245651 0.0587604
16.197 0.244114 0.0603161
16.197 0.211749 0.0590781
18.4347 0.172625 0.0590781
16.9128 0.172392 0.0577427
17.1002 0.178098 0.0569012
19.8735 0.16841 0.05601
20.3275 0.193225 0.054536
18.5884 0.231076 0.0539447
18.5491 0.282668 0.0534161
20.5095 0.300718 0.0527707
20.313 0.317159 0.0527707
18.416 0.340067 0.0523392
19.2453 0.355243 0.0518134
20.8032 0.360453 0.0518134
20.5315 0.408654 0.0515978
19.6097 0.451949 0.0515138
20.3882 0.46265 0.0515258
21.8743 0.464026 0.0515258
21.7702 0.464138 0.0516652
20.6193 0.464142 0.0520322
20.8655 0.464294 0.0520322
22.5019 0.464146 0.0524086
22.7146 0.464169 0.0533062
21.8499 0.464165 0.0533062
21.0225 0.464159 0.0540589
21.374 0.464158 0.0547345
20.8969 0.464157 0.0556319
19.5661 0.464145 0.0563565
18.9962 0.464133 0.0572227
19.6501 0.464137 0.058083
19.9637 0.464142 0.0590225
19.0221 0.464134 0.0602393
17.8567 0.464118 0.0611418
17.9282 0.464115 0.0600775
19.0697 0.464116 0.0586882
18.5674 0.46413 0.057389
18.3043 0.464128 0.056395
19.1436 0.464134 0.0555491
19.8974 0.464141 0.0547494
18.9657 0.464153 0.053566
17.6662 0.464143 0.0528887
17.3694 0.412592 0.0523368
17.3694 0.383817 0.0517333
17.1045 0.331863 0.0512689
16.3438 0.30505 0.0509204
16.3438 0.301521 0.0505301
16.2893 0.303998 0.0503314
16.719 0.26734 0.0501865
16.5201 0.231546 0.0500932
15.8303 0.178581 0.0500469
15.8303 0.159364 0.0500648
14.9284 0.141961 0.0501497
14.8349 0.11167 0.0502787
14.9441 0.126278 0.0504676
14.4829 0.173899 0.0507384
14.4829 0.205672 0.0510208
13.0491 0.196428 0.0514593
13.0469 0.142325 0.0518426
13.0469 0.0692238 0.0524118
13.2717 0.0322586 0.0528718
12.4386 0.0401744 0.0534117
12.0003 0.0655626 0.0539276
12.0003 0.00812609 0.0545909
12.9031 0.0348147 0.055296
13.0316 0.0253256 0.0559021
12.4543 0.0862441 0.0565292
12.4543 0.119564 0.0565292
10.2053 0.157376 0.0577608
9.74396 0.197155 0.0584421
9.47938 0.266407 0.0591477
9.12218 0.300633 0.0598737
7.50694 0.318869 0.0608674
6.57631 0.387146 0.0617139
6.15534 0.549415 0.0624897
6.42266 0.608853 0.0627353
6.19864 0.575743 0.0616044
5.50654 0.540222 0.0606983
4.85474 0.666883 0.0600118
4.2643 0.930001 0.0588796
3.09835 1.07949 0.0581818
1.92904 1.10158 0.0574977
0.984818 1.10543 0.0566834
0.134778 2.03645 0.0398257
0.598812 2.03546 0.0388813
0.685022 2.03542 0.0385474
0.284895 2.03548 0.0382893
0.663392 2.03556 0.0356952
0.850348 2.03538 0.0355456
0.561085 2.03539 0.0353868
0.442247 2.03576 0.0339225
0.832856 2.03548 0.0337766
1.08969 2.03535 0.0335957
0.94943 2.03534 0.0334426
0.707661 2.03536 0.0332517
0.707661 2.03538 0.0330197
0.559187 2.0354 0.0328042
0.285078 2.03659 0.0313729
0.285078 2.0356 0.0313729
0.76655 2.03555 0.0308639
0.85977 2.03536 0.0307882
0.377573 2.03539 0.0306939
0.192376 2.03552 0.0305772
0.431787 2.03551 0.0303937
0.545139 2.03542 0.0302456
0.483835 2.0354 0.030091
0.483835 2.03542 0.0298296
0.0498576 1.53896 0.0292665
0.0993926 1.55784 0.0291391
0.0993926 1.56071 0.0290238
0.122284 1.56075 0.0286284
0.131963 2.03606 0.0283905
0.442749 2.03546 0.0281291
0.6021 2.03538 0.0280213
0.582082 2.03535 0.027905
0.582082 2.03537 0.0277918
0.22354 2.03549 0.0277111
0.145528 2.0363 0.02729
0.958121 2.03534 0.0272333
1.04044 2.03532 0.0271427
1.44548 2.0353 0.00017148
1.37484 2.03529 0.000334729
1.04222 2.03531 0.000701849
0.600079 2.03538 0.000892326
0.154667 2.03552 0.000892326
0.467634 1.58975 0.00134521
0.0299474 1.54154 0.00153616
0.190009 1.54272 0.00158496
0.330681 1.56619 0.00163408
0.214928 1.56844 0.00164945
0.143269 2.0359 0.00170818
0.112312 2.03604 0.0019684
0.317944 2.03548 0.00209642
0.442633 2.0354 0.00226961
0.568614 2.03538 0.00243785
0.673575 2.03535 0.00243785
0.797902 2.03533 0.00264951
0.118503 2.03548 0.00279357
0.269214 1.56896 0.00315929
0.237977 1.56799 0.0032472
0.0127292 1.55976 0.00339872
0.0825597 2.03641 0.00379833
0.154181 2.03581 0.00379833
0.213001 2.03557 0.003918
0.182617 2.03558 0.0039955
0.730935 2.03547 0.00450164
0.380176 2.03536 0.0045835
0.366834 2.0354 0.00467603
0.265821 2.03543 0.00478952
0.0188398 2.03908 0.00578121
0.77758 2.03533 0.00588227
1.05236 2.03532 0.00599571
1.05236 2.0353 0.00612653
1.08558 2.03529 0.00633707
0.734763 2.03531 0.00648793
0.492039 2.03535 0.00648793
0.056858 2.03549 0.00681446
0.310855 1.57839 0.00700949
0.219303 1.56788 0.00707649
0.319 1.56885 0.00709132
0.28256 1.56878 0.00710227
0.491841 0.00603194 0.00719642
0.67849 0.00586209 0.00724425
0.846336 0.0058916 0.00730521
0.873732 0.00586649 0.00746253
0.683577 0.00587122 0.00753044
0.381587 0.0057565 0.00760893
0.474875 3.13511 0.00769725
0.149482 3.13519 0.00833021
0.671154 0.00588986 0.0130736
1.64211 0.00597382 0.0123619
1.64211 0.00599579 0.0112734
5.60611 0.00603513 0.0105317
9.18226 0.00604245 0.00988754
14.3212 0.00604472 0.00921763
16.7088 0.00604641 0.00865204
16.7088 0.00604739 0.00812773
19.6842 0.00604788 0.0075133
20.519 0.00604829 0.00709861
20.519 0.00604851 0.00663325
21.3708 0.00604871 0.00633363
22.3554 0.0060489 0.00616125
26.2906 0.00604921 0.0060507
28.4691 0.0060495 0.00607272
30.2123 0.00604977 0.00620525
30.8985 0.00604999 0.00639561
30.8985 0.00605005 0.00666258
31.3148 0.00605009 0.00666258
31.1211 0.0060484 0.0074784
31.3325 0.00604991 0.00774119
33.487 0.00605013 0.00813113
33.487 0.0060503 0.00853238
34.4929 0.0060504 0.00906955
35.2592 0.00605045 0.00962109
35.2348 0.00605048 0.0101751
35.2348 0.00605049 0.0109151
34.9645 0.00605048 0.0116387
34.646 0.00605047 0.012245
34.3957 0.00605046 0.0133245
34.8082 0.00499116 0.0133245
34.3039 0.0057331 0.0145182
32.6873 0.00600933 0.0153888
30.8213 0.00604477 0.0135999
29.8677 0.00604947 0.0135999
27.9764 0.00604995 0.0124789
27.1155 0.00604993 0.01136
26.9847 0.00604992 0.0104576
28.1285 0.00605001 0.00945114
28.6632 0.00605008 0.00856177
26.8906 0.00605003 0.00735563
25.2431 0.00604982 0.00666279
23.8416 0.00604965 0.00611616
23.8416 0.00604961 0.00595073
24.4199 0.00604968 0.00635121
23.2098 0.00604963 0.00697652
22.9602 0.00604955 0.00794109
21.6628 0.00604944 0.00900395
20.9902 0.00604931 0.0103467
20.436 0.00604919 0.0115315
18.5741 0.006049 0.0131064
18.5741 0.00604885 0.015699
17.7366 0.00604868 0.017224
19.2365 0.00604883 0.0191624
19.3275 0.00604899 0.0207761
19.0252 0.00604901 0.0211427
18.9072 0.00604899 0.0202757
19.4021 0.00604904 0.0195184
18.8232 0.00604904 0.0188511
16.0065 0.00604901 0.0182493
16.0065 0.00604844 0.0180044
14.9074 0.00604813 0.0180625
16.9789 0.00604858 0.0183836
16.9166 0.00604863 0.0190017
14.4554 0.00604814 0.0197673
15.0241 0.00604806 0.0206519
15.0241 0.00604815 0.0216753
14.3364 0.00604802 0.0231399
12.3108 0.00604731 0.0244583
14.9033 0.00604763 0.025725
16.3489 0.00604814 0.02707
16.3489 0.00604857 0.0284441
15.2147 0.00604837 0.0304622
15.5867 0.00604845 0.032073
15.4926 0.00604845 0.0336705
13.6536 0.00604796 0.0336705
11.6263 0.00604729 0.0328176
12.448 0.00604738 0.0324135
13.0645 0.00604765 0.0321312
13.237 0.00604778 0.0318246
13.6685 0.00604761 0.0316462
13.6685 0.00604796 0.0316121
14.0184 0.00604811 0.0315842
12.153 0.00604764 0.0315842
10.4381 0.00604709 0.0315716
11.1827 0.00604688 0.0317242
12.7072 0.00604757 0.0319463
13.0249 0.00604783 0.0322049
12.6117 0.00604778 0.0325677
12.1732 0.00604763 0.0334502
11.6889 0.00604745 0.0339651
10.674 0.0060455 0.0339651
7.74602 0.00604577 0.034721
7.74602 0.00604487 0.0354074
9.66988 0.00604559 0.0361393
10.3868 0.00604653 0.0369082
10.3077 0.00604679 0.0376035
10.2058 0.00604679 0.0382777
10.6848 0.006047 0.039083
11.3287 0.00604732 0.0399162
10.3598 0.00604718 0.040342
8.8762 0.00604653 0.0395582
7.90426 0.00604568 0.0389196
7.48758 0.00468175 0.0382409
8.53802 0.00586581 0.0382409
7.70349 0.00603067 0.0382409
6.6774 0.044703 0.0382409
6.91635 0.0416261 0.0382409
8.7467 0.0103062 0.0382409
9.67839 0.00644918 0.0382409
9.12013 0.00610038 0.0382409
8.15598 0.00605922 0.0382409
9.0062 0.00605363 0.0382409
11.2927 0.00605292 0.0382409
12.2158 0.00605284 0.0382409
11.3797 0.00605283 0.0382409
11.3797 0.00605283 0.0382409
9.352 0.00605283 0.0382409
9.56377 0.00605283 0.0382409
10.2192 0.00605283 0.0382409
9.619 0.00605283 0.0382409
8.81873 0.00605283 0.0382409
7.7354 0.00605283 0.0382409
6.6822 0.00605283 0.0382409
6.6822 0.00605283 0.0382409
5.92897 0.00605283 0.0382409
7.65044 0.00605283 0.0382409
8.28114 0.00605283 0.0382409
7.26869 0.00605283 0.0382409
7.24049 0.00605283 0.0382409
6.76343 0.00605283 0.0382409
5.66956 0.00605283 0.0382409
5.66956 0.00605283 0.0382409
4.2653 0.00605283 0.0382409
4.2653 0.00605283 0.0382409
3.31186 0.00605283 0.0382409
2.17259 0.00605283 0.0382409
4.32746 2.64004 0.0382409
2.53673 2.86697 0.0382409
0.48415 1.59672 0.00717707
1.37151 1.52519 0.00550671
1.47195 1.53784 0.00527123
0.54177 1.50979 0.00506597
0.213395 1.45546 0.00481171
0.247467 1.3928 0.00463114
0.247467 3.00415 0.00463114
3.84199 2.1292 0.00435248
4.58978 2.08935 0.00400389
4.55682 2.05999 0.00356858
2.73759 2.00546 0.00318284
1.58072 1.9208 0.00277737
0.230072 2.44158 0.00246839
1.33595 1.63642 0.00278266
1.20558 1.54316 0.00335484
0.875397 1.97271 0.00455057
0.93625 2.02698 0.00530027
0.981794 2.03135 0.00551517
2.2823 2.03272 0.00493413
3.71222 2.0549 0.00418071
2.18131 2.05922 0.0037018
1.31883 2.05203 0.00342517
0.223939 2.02639 0.00337584
0.165529 1.54454 0.00498182
1.03308 2.00714 0.00580091
1.37233 2.06323 0.00683853
0.267136 1.78391 0.00752783
0.0272703 0.630623 0.0110067
1.59926 2.02742 0.0123596
3.43129 2.0492 0.0139551
0.6035 2.0531 0.0162153
0.6035 2.02489 0.0164714
1.20057 2.44869 0.0217375
0.81339 1.99022 0.025442
0.169502 1.99334 0.0279923
0.846266 1.48356 0.0383593
0.846266 1.52495 0.0395377
0.32231 1.52773 0.0413551
3.45796 0.486742 0.0428367
3.45796 0.496448 0.0428151
11.608 0.500309 0.042872
14.1931 0.500998 0.0430712
15.5019 0.441866 0.0433846
17.0088 0.429066 0.0437001
17.0088 0.437201 0.0440109
17.6663 0.465468 0.0446972
18.0034 0.438423 0.0451988
18.0034 0.402444 0.0458489
18.1287 0.434662 0.0465139
18.418 0.450241 0.0472707
20.5369 0.331017 0.0481021
20.4523 0.303205 0.0489686
20.8524 0.376117 0.0487281
21.8337 0.393876 0.0482938
23.1315 0.370771 0.0479452
23.1315 0.357046 0.0479452
24.4433 0.357777 0.0476233
26.1488 0.326284 0.0475569
27.2533 0.286484 0.0479355
28.3853 0.293825 0.0481383
29.4634 0.298976 0.0483932
31.3111 0.29997 0.048845
33.2777 0.271733 0.0493538
33.2777 0.25254 0.0499463
32.8118 0.23953 0.0499463
34.062 0.263571 0.0505438
35.1983 0.261085 0.0512407
35.5319 0.236611 0.0515843
35.0649 0.222431 0.050264
34.4671 0.229355 0.0493221
35.261 0.200372 0.0484212
36.4374 0.172026 0.0476083
36.5156 0.185302 0.0468015
36.0646 0.204062 0.0463638
36.0646 0.213626 0.0459712
36.801 0.163529 0.0457249
36.692 0.178567 0.0457226
36.9637 0.180044 0.0459049
38.1018 0.166538 0.0464083
38.4486 0.155405 0.0470523
38.4486 0.153513 0.0481487
38.1626 0.147932 0.0490182
38.4627 0.0986613 0.0501628
38.482 0.0941897 0.0507055
37.5112 0.127648 0.0497278
37.1234 0.148788 0.0488233
37.328 0.129352 0.048182
36.7591 0.111278 0.0476557
36.7591 0.0819947 0.0471101
35.9169 0.100656 0.0470648
36.4891 0.110307 0.0472131
35.8976 0.0870736 0.0474933
36.0121 0.0824007 0.0480594
37.6772 0.0758684 0.0487194
37.6278 0.0822266 0.0495434
36.4624 0.0890637 0.0505887
36.6101 0.0990842 0.0519448
36.6101 0.123661 0.0533596
35.9399 0.137615 0.0552048
35.9399 0.121638 0.0543838
36.8648 0.0962523 0.0543838
36.1596 0.0916546 0.0526502
34.668 0.134744 0.0520787
34.6285 0.167946 0.0516537
35.3207 0.172101 0.0513068
34.791 0.131 0.051134
34.0175 0.139504 0.0511766
34.0239 0.120435 0.0513991
33.7216 0.13327 0.0518079
33.5152 0.172661 0.0526616
34.033 0.173654 0.0532888
34.1709 0.136252 0.0542176
31.6983 0.118101 0.0556089
31.871 0.164405 0.0567073
31.4515 0.150767 0.0579421
29.6765 0.135973 0.059225
29.6765 0.132121 0.059225
31.1432 0.12379 0.0580666
32.0424 0.117496 0.0571029
30.4024 0.131294 0.056177
29.8492 0.150879 0.0552009
28.7143 0.141212 0.0545641
26.9544 0.152292 0.0542031
27.14 0.148047 0.0539583
27.7348 0.0749337 0.0538703
26.241 0.0315001 0.0539105
25.3232 0.0472095 0.0540883
26.4885 0.0460975 0.0544831
26.7838 0.0501039 0.0550039
26.7838 0.0517076 0.0558762
24.6045 0.0802018 0.0570556
22.9604 0.055701 0.0579968
20.4273 0.056381 0.0591337
20.9769 0.062476 0.0602915
21.4875 0.0373432 0.0616149
19.3568 0.053818 0.0609289
20.1316 0.0674519 0.0596934
20.1316 0.060594 0.0596934
20.1316 0.0597443 0.0596934
20.2672 0.0313467 0.0557526
21.1168 0.0710179 0.0552346
19.481 0.13135 0.0552346
18.918 0.161147 0.0547341
20.5993 0.169415 0.0541665
19.8126 0.137156 0.0541665
19.921 0.0985204 0.0541151
22.0826 0.104488 0.0542107
20.545 0.104819 0.0545279
20.2873 0.134824 0.0554352
21.7952 0.188967 0.0559712
21.7973 0.237666 0.0566355
20.7279 0.258661 0.0575009
22.4852 0.264179 0.0575009
22.7668 0.234306 0.0597371
20.5718 0.190609 0.0597371
21.2748 0.178588 0.0612167
21.1356 0.154396 0.0599461
19.0499 0.122316 0.0572281
18.2349 0.16322 0.0559881
19.2896 0.168458 0.0547192
18.4179 0.0940313 0.0536852
17.4256 0.0315794 0.0526362
17.4256 0.0719084 0.0526362
14.7824 0.0836156 0.0511744
15.1305 0.091316 0.0504053
16.0082 0.143223 0.049729
14.4574 0.295084 0.0492462
13.9775 0.365012 0.0489375
15.1547 0.379054 0.0487694
13.8912 0.310696 0.0486857
11.1537 0.243415 0.0487251
11.6595 0.176139 0.0489593
11.6729 0.0611749 0.0492544
9.12475 0.00723162 0.0496264
9.11674 0.091851 0.0504331
9.22652 0.01957 0.0510621
7.00232 0.0759801 0.0517647
5.73222 0.280774 0.0525152
6.65305 0.463895 0.0533486
5.6934 0.497446 0.0545479
3.04438 0.500855 0.0555802
3.66866 0.501327 0.056126
4.50696 0.501595 0.0545823
3.41372 0.501496 0.0530972
1.28358 0.500937 0.0512359
2.11012 0.500462 0.0497277
2.17044 0.288258 0.0482598
0.0835862 0.112112 0.0466486
0.0523453 1.49693 0.0089947
0.00692356 1.07883 0.00992059
0.0282078 1.42119 0.0100062
0.0428586 1.49617 0.0100815
0.0210856 1.41364 0.0111028
0.032111 1.41908 0.0110749
0.00847223 1.03636 0.0120473
0.0452311 1.4835 0.0121625
0.0143574 1.48755 0.0122594
0.00116488 0.877232 0.012454
0.0580499 1.51664 0.0125414
0.0561569 1.53062 0.0126211
0.0431488 0.196854 0.0127667
0.0880921 1.53502 0.0127862
0.0701623 1.54271 0.0128054
0.0606288 1.5386 0.0128307
0.0980847 1.53614 0.0128818
0.155884 1.54273 0.0129451
0.0910239 1.55256 0.0130237
0.0259222 1.5366 0.0131243
0.0584764 1.51866 0.0145123
0.0868689 1.53464 0.0146218
0.126282 1.54687 0.0147202
0.12432 1.55481 0.0148004
0.0879773 1.5553 0.0148928
0.0879773 1.54972 0
0.0133054 1.53191 0.000144412
0.0164081 1.32755 0.00051974
0.00775872 1.3917 0.000632865
0.0408371 1.47777 0.0021865
0.12892 1.5222 0.00238408
0.12892 1.55588 0.00257333
0.212874 1.56249 0.00271767
0.151552 1.56308 0.00283073
0.121579 1.559 0.00292427
0.102481 1.55701 0.00301376
0.0454455 1.55435 0.00305518
0.0312829 1.53705 0.00308051
0.010462 1.49358 0.00309445
0.0343458 1.41893 0.0030996
0.0787821 1.53798 0.00310236
0.0787821 1.54794 0.00310425
0.108549 1.55464 0.00311027
0.0818756 1.55068 0.00311027
0.111326 1.55476 0.00314075
0.0810167 1.55158 0.00326355
0.104549 1.55407 0.00337164
0.053479 1.55246 0.00349428
0.0255044 1.54157 0.00363774
0.0825149 1.52973 0.00418673
0.107745 1.55398 0.0042892
0.128136 1.55778 0.0043525
0.136848 1.55913 0.00440456
0.153755 1.5605 0.00440489
0.174416 1.56201 0.00439759
0.1359 1.55987 0.00439066
0.0821656 1.55307 0.00439066
0.0631723 1.5475 0.00440882
0.0834981 1.54931 0.00440882
0.0834981 1.55167 0.00449669
0.0157123 1.50246 0.00471331
0.0314408 1.51367 0.00489583
0.156856 1.55473 0.00507967
0.156856 1.56095 0.00526624
0.0853876 1.55965 0.00545983
0.0853876 1.55412 0.00572276
0.0853979 1.55311 0.00590161
0.118375 1.56487 0.00604022
0.137067 1.56174 0.00617193
0.137067 1.56049 0.0063078
0.0658601 1.55296 0.00640368
0.111165 1.55638 0.00648242
0.219869 1.56347 0.00654893
0.219869 1.56464 0.00654893
0.122905 1.56124 0.00662522
0.0757605 3.08913 0.00666568
0.0661103 3.0685 0.00669299
0.0505628 2.72949 0.00671859
0.0502802 1.4777 0.00675036
0.0630297 1.25758 0.00675036
0.0963554 1.32231 0.00676872
0.07338 1.29016 0.00680996
0.0161267 1.10519 0.00686285
0.0258912 0.821708 0.00691859
0.461775 0.051269 0.00925062
2.34059 0.362004 0.009359
4.19147 0.227157 0.009359
5.85112 0.0292253 0.00964653
6.98144 0.0328711 0.0100222
7.26319 0.0510145 0.0104115
8.33933 0.0531221 0.0108828
8.67998 0.0533573 0.0113911
8.77696 0.0533866 0.0120343
9.60004 0.0533974 0.0134012
11.0279 0.0534092 0.0142512
12.5317 0.0534207 0.0142512
13.8134 0.0534256 0.0152157
14.6848 0.0534307 0.0151854
16.6293 0.0534226 0.014386
17.2946 0.0534392 0.0137644
17.6849 0.0534426 0.0131355
17.9208 0.0534441 0.0126225
18.5512 0.0534458 0.0121617
18.7265 0.0534467 0.0117476
18.4527 0.0534466 0.01119
18.0359 0.053446 0.0108652
18.8137 0.0534457 0.0105813
19.2092 0.0534475 0.0102354
18.8637 0.0534487 0.0101041
18.9334 0.0534484 0.0100813
19.2485 0.0534489 0.0101631
19.3114 0.0446402 0.0103579
19.5014 0.0370495 0.0107605
19.3453 0.0161185 0.0111871
19.3435 0.0140411 0.0116029
19.8931 0.0116921 0.0120911
19.8739 0.0112589 0.0126375
19.8739 0.0112013 0.0133189
18.8676 0.0240658 0.014393
18.9457 0.0166361 0.0151623
18.9457 0.0302715 0.0162516
19.5057 0.0230813 0.0171204
20.4369 0.0140421 0.0180815
21.023 0.0298726 0.0180443
21.4841 0.0250729 0.0171127
20.5852 0.0269263 0.0163055
19.7136 0.0342078 0.0154489
20.1239 0.0128065 0.0148217
20.1239 0.0231704 0.0148217
20.0318 0.0394425 0.0136509
19.0266 0.0231267 0.0126945
17.7134 0.0142918 0.0123798
17.732 0.0328085 0.0122843
17.4782 0.0481754 0.0123948
17.1801 0.073994 0.0127245
16.0794 0.0407623 0.0132288
16.0794 0.0204666 0.014027
15.5454 0.0213939 0.0148684
16.4421 0.0112622 0.0159054
18.1107 0.0622622 0.0159054
19.9078 0.105142 0.0185958
18.086 0.0651068 0.0195951
15.7062 0.0235746 0.0208722
16.7161 0.0354474 0.0219637
16.7161 0.0283722 0.0236687
16.4714 0.0965118 0.0244578
14.0376 0.0880729 0.0244578
12.8949 0.0634437 0.0232506
14.2725 0.0745801 0.0225599
15.5067 0.125797 0.0220577
13.7376 0.142891 0.021434
11.4878 0.103993 0.0210634
10.0702 0.0183666 0.0207581
10.3461 0.0446996 0.0204755
10.428 0.0182172 0.0204265
10.214 0.0331194 0.0204471
9.51201 0.0358686 0.0205343
9.37369 0.0113223 0.0206752
10.3085 0.0165604 0.0209443
11.3671 0.0442188 0.0213544
11.0808 0.0878898 0.0219064
7.35968 0.0954863 0.0228456
6.23007 0.0284542 0.0234516
7.08276 0.0497911 0.0242152
7.44707 0.0530049 0.0249702
6.75045 0.0533821 0.0260245
4.90324 0.0534184 0.0270096
4.76888 0.0534139 0.0280154
5.50517 0.0534208 0.0291755
6.3796 0.0534282 0.0306256
6.3796 0.0534325 0.0299781
6.61756 0.0534335 0.0290262
6.24853 0.0534354 0.0284464
6.34186 0.053434 0.0279206
6.35157 0.0534226 0.0275333
5.60862 0.0534289 0.0271845
2.96962 0.0534069 0.0268155
0.07908 0.0533752 0.026286
0.285772 0.0478327 0.0258179
0.191175 3.08599 0.00274082
0.315013 3.08704 0.0027557
0.878854 3.0877 0.002906
0.153077 3.08718 0.002906
0.118347 3.0856 0.010619
0.966535 3.08777 0.0109341
0.580162 3.08772 0.0112099
0.438159 3.08759 0.0114933
0.582751 3.08765 0.0118074
0.0120491 3.08754 0.0121318
0.332402 3.08415 0.0124212
0.332402 3.08728 0.0127946
1.23995 3.08677 0.0161952
0.501016 3.08787 0.016324
1.65864 3.08784 0.0171011
1.53049 3.08795 0.0189525
0.966789 3.08793 0.0193529
0.954992 3.08788 0.0225476
1.00139 3.08789 0.0226365
0.258268 3.0879 0.022717
0.688669 3.08773 0.0234521
1.42755 3.08794 0.0235567
1.30276 3.08795 0.0236914
0.0220495 3.07278 0.0245096
1.11721 3.08776 0.0248494
1.21297 3.08793 0.0250068
0.863063 3.08786 0.0231632
0.624173 3.08773 0.0225723
1.42561 3.08797 0.0225723
1.77214 3.088 0.0224644
1.94408 3.08801 0.0221564
1.71014 3.088 0.0219861
1.29766 3.08798 0.0219861
1.01618 3.08795 0.0217762
0.918724 3.08792 0.0216071
0.0890348 3.08747 0.0212813
0.715248 3.08764 0.0201601
0.821529 3.08788 0.0199916
0.188724 3.08777 0.0198127
0.142325 3.08672 0.018969
0.681151 3.08771 0.0188282
0.681151 3.08786 0.0186779
0.146723 3.08659 0.0184544
1.19989 3.08794 0.0184393
0.510091 3.08792 0.0184113
0.955076 3.08789 0.0180398
1.28629 3.08797 0.0178997
1.45566 3.08799 0.0177507
1.88969 3.08801 0.0175616
1.46812 3.08801 0.0173971
0.0491278 3.08791 0.0172679
0.0748817 3.084 0.0161709
1.12556 3.08786 0.0159983
0.313213 3.08788 0.0158401
0.296451 3.08769 0.0156582
0.302369 3.08764 0.0154921
0.047287 3.08682 0.0153143
0.329138 3.08726 0.0149731
0.206043 3.08677 0.0145546
1.71083 3.0874 0.014542
0.706557 3.08801 0.0145185
0.517088 3.0876 0.0142656
0.860561 3.0879 0.0141225
1.18666 3.08797 0.0139816
1.33426 3.08799 0.0137954
1.22773 3.088 0.013653
0.250921 3.088 0.0134995
0.250921 3.08776 0.0133528
0.776382 3.08768 0.0123546
0.269651 3.08793 0.0122083
0.630226 3.08772 0.0120613
0.585677 3.08788 0.0119199
0.205792 3.08789 0.0117814
0.547184 3.08785 0.0113307
0.882897 3.08795 0.0112328
0.0733213 3.08588 0.0110411
1.24859 3.08798 0.0110357
1.95223 3.08803 0.0109732
0.485149 3.08796 0.0109732
0.252358 3.08777 0.0107699
1.34872 3.08796 0.010659
1.59465 3.08801 0.0105533
1.59465 3.08803 0.0104237
1.51192 3.08803 0.010307
1.55255 3.08803 0.010307
0.614093 3.08786 0.000271221
0.454469 3.08787 0.000350957
1.17503 3.08792 0.000987894
1.89698 3.088 0.00106131
0.76481 3.08801 0.00116334
0.612765 3.08563 0.0015808
1.23824 3.08798 0.00165797
1.23824 3.08801 0.00175014
1.97061 3.08804 0.00181335
0.872725 3.08795 0.00226304
1.65203 3.08803 0.00230884
1.12257 3.08802 0.00230884
0.915839 3.088 0.00244256
0.950311 3.08798 0.00251574
1.11742 3.088 0.00258651
1.28464 3.08801 0.00264829
1.28464 3.08802 0.00271989
1.31751 3.08803 0.00276966
1.17611 3.088 0.00310754
1.55695 3.08804 0.0032182
0.650658 3.08798 0.0032182
1.07336 3.08801 0.00333624
1.6003 3.08804 0.00354124
1.43022 3.08804 0.00354124
1.40839 3.08804 0.0036612
1.20598 3.08803 0.00377415
0.105672 3.08797 0.0038652
0.590786 3.0879 0.00447676
1.59287 3.08802 0.00454642
0.629632 3.08802 0.0045746
0.388969 3.08793 0.00460481
0.758053 3.08797 0.0046979
1.05276 3.08801 0.00471494
1.10889 3.08802 0.00472319
1.07973 3.08802 0.00473038
0.436313 3.08799 0.00474156
0.775698 3.08796 0.0048566
0.627062 3.08797 0.0048566
1.51444 3.08802 0.00494307
2.29734 3.08806 0.00501442
1.33747 3.08805 0.00507882
0.762833 3.08804 0.00521589
1.91838 3.088 0.00531244
2.35339 3.08806 0.00542662
2.56788 3.08807 0.00552979
2.55211 3.08807 0.00563
2.16252 3.08807 0.00574901
1.00354 3.08805 0.00585933
1.00354 3.08803 0.0059616
0.138791 3.08708 0.00739149
0.138791 3.08756 0.00751229
0.709222 1.02773 0.00786932
0.831572 1.05219 0.00786932
0.744762 1.0526 0.00792724
1.25143 1.06437 0.00801974
1.68184 1.07901 0.00811217
1.99405 1.08419 0.00819924
1.66413 1.08221 0.00829545
1.34517 1.07883 0.00841518
0.595393 1.06476 0.00850718
0.798567 1.45605 0.00933353
0.798567 1.50995 0.00945024
0.579644 1.88787 0.0116573
0.579644 1.94927 0.0121492
0.776395 1.9778 0.0126744
1.77756 2.00872 0.0130489
1.93136 2.01395 0.013247
1.1776 2.01409 0.0132877
1.65212 2.00381 0.0133383
0.879098 2.01057 0.0133948
0.879098 2.25368 0.0134354
0.0864146 2.63886 0.0134354
0.536677 2.16025 0.0122843
2.29646 2.00293 0.0115308
1.72244 2.12344 0.0106801
0.41654 2.23209 0.00981432
0.0348671 0.832903 0.0152349
0.164605 0.995218 0.0176965
0.164605 2.56534 0.0190976
0.775019 2.65256 0.0190976
0.570384 1.45926 0.0252412
0.555802 1.50209 0.0252721
0.361281 1.43838 0.0262659
0.189865 1.2071 0.0295991
0.0901426 0.99644 0.0320514
0.32025 1.39495 0.0331894
0.972399 1.52324 0.0341261
0.0360721 0.691928 0.0353735
0.866376 1.51929 0.0353735
0.814775 0.430674 0.0376805
4.07423 0.458273 0.0376102
5.9114 0.177311 0.0377724
5.36798 0.318201 0.0381129
4.7363 0.42989 0.0386905
5.05675 0.457583 0.0386905
7.495 0.369785 0.0393301
8.93016 0.404152 0.0401077
9.16495 0.450122 0.0409478
9.67231 0.461289 0.0416294
11.0235 0.462825 0.0404152
13.287 0.463191 0.0394032
15.5558 0.451969 0.0384055
16.6834 0.460412 0.0376298
17.2042 0.463124 0.03673
19.0114 0.458577 0.0360283
21.843 0.419796 0.0355247
25.073 0.395765 0.0352406
28.0497 0.414067 0.0350605
29.5202 0.409825 0.0350605
31.9829 0.379325 0.035061
33.2762 0.378866 0.0351959
35.8793 0.38703 0.0355396
37.8713 0.369111 0.0358623
38.6203 0.329133 0.0362836
37.2217 0.327555 0.0367864
36.2339 0.346902 0.03808
36.1648 0.338672 0.0387611
36.2864 0.319006 0.0390024
35.6618 0.315135 0.0390024
32.7095 0.337002 0.0368778
32.1822 0.360295 0.0357588
33.1509 0.34859 0.0345959
33.596 0.331704 0.0336339
34.2921 0.318047 0.032604
33.7563 0.291987 0.0319324
33.6926 0.260372 0.0313958
34.9706 0.243559 0.0309789
35.6918 0.247596 0.0307197
35.1573 0.2542 0.0306763
35.1573 0.25613 0.0308026
33.9141 0.250469 0.0313451
34.2582 0.2602 0.0318974
34.2393 0.22169 0.0325839
34.16 0.175807 0.0334699
34.5504 0.136294 0.0343963
34.4966 0.121716 0.0358152
34.1253 0.136609 0.0371321
33.5794 0.150556 0.0384282
33.9107 0.17477 0.0399798
33.9107 0.190963 0.04014
34.3628 0.202354 0.0385101
32.5138 0.178153 0.037487
33.0835 0.137023 0.0366822
33.0835 0.123406 0.0357909
33.223 0.127518 0.0352354
32.4271 0.152281 0.0348829
32.3785 0.137271 0.0346757
32.4823 0.137355 0.0346484
31.8375 0.16508 0.0348083
31.2332 0.167406 0.0351018
31.2332 0.157032 0.0351018
32.8498 0.165171 0.0356883
32.1307 0.171988 0.0368846
30.967 0.150408 0.0377692
31.0437 0.133423 0.0401349
31.6378 0.141894 0.0414889
30.2412 0.133809 0.0429234
29.3456 0.115605 0.0446845
30.206 0.136018 0.0462278
30.206 0.16782 0.0473567
30.206 0.171719 0.0473567
27.5173 0.182609 0.0473567
27.5173 0.192666 0.0446357
27.8473 0.227951 0.0437011
30.2352 0.181122 0.043228
30.5713 0.132448 0.0428803
28.7786 0.108702 0.04272
29.2925 0.1106 0.0427112
30.199 0.148617 0.0428617
27.9807 0.158738 0.0432768
28.6552 0.200437 0.0438018
30.3926 0.236579 0.0444298
30.3926 0.254814 0.045244
30.1675 0.261308 0.0466003
32.2238 0.252452 0.0476434
32.2238 0.23384 0.0489003
30.8569 0.218323 0.0489003
30.5532 0.191184 0.0510744
31.0879 0.198775 0.0530629
28.9706 0.209597 0.0544614
29.9033 0.225584 0.0540619
31.7275 0.255951 0.0528671
30.2674 0.277774 0.0518916
28.9454 0.286608 0.0509502
31.2979 0.312654 0.0502052
30.2439 0.332056 0.0493769
30.2439 0.312841 0.0486534
30.1578 0.232636 0.0483044
29.6645 0.200348 0.0481125
27.0591 0.167988 0.0480361
27.8291 0.155358 0.0481338
28.7917 0.174598 0.0483771
27.1561 0.18006 0.0487298
26.2215 0.178527 0.0491865
26.2215 0.174579 0.0499531
28.1434 0.172555 0.0509483
25.9382 0.17138 0.0518955
27.3968 0.161414 0.0529127
25.8898 0.146624 0.0541558
24.8073 0.150804 0.0553161
26.4857 0.165531 0.0565796
25.9419 0.191064 0.0582379
24.0951 0.202363 0.0592553
24.0951 0.248885 0.0581754
25.9183 0.241871 0.0568998
26.1604 0.216483 0.0555649
24.0477 0.235956 0.054673
27.035 0.233718 0.0538707
24.8288 0.236497 0.0531663
24.2103 0.277148 0.0524893
24.2103 0.285284 0.051749
28.8196 0.262603 0.051305
30.0398 0.302619 0.0510474
32.0554 0.265231 0.0508576
31.7857 0.241802 0.0508193
27.9444 0.236517 0.0508636
27.6297 0.256187 0.0510848
26.5391 0.217815 0.0513614
26.5391 0.17442 0.0517885
23.2493 0.148682 0.0522821
23.1706 0.123322 0.0529827
24.1088 0.0714921 0.0537417
21.8001 0.0727308 0.0545005
23.2114 0.107379 0.055364
23.3199 0.144188 0.0563183
23.3199 0.152307 0.0573258
21.4648 0.170736 0.0591693
22.5442 0.242749 0.0606425
22.3062 0.274226 0.0596637
20.5559 0.321694 0.0582843
21.3071 0.346135 0.0566417
22.4758 0.348117 0.0553771
19.5152 0.331445 0.0542027
21.1011 0.352086 0.053072
21.1011 0.369541 0.0516643
20.5996 0.377665 0.0507137
18.8462 0.399966 0.0507137
20.7621 0.449542 0.0486431
20.8847 0.462362 0.0480166
18.8114 0.463897 0.0474915
17.8046 0.464096 0.0469827
17.5071 0.46412 0.0466604
15.4597 0.464105 0.0466604
12.3179 0.464062 0.0463397
12.8387 0.464056 0.0461359
13.7684 0.464071 0.0461987
14.2232 0.464082 0.0463414
14.332 0.464086 0.0467202
15.688 0.464102 0.0471075
15.2316 0.464102 0.0476337
12.8625 0.438569 0.0476337
9.91188 0.386595 0.0484486
9.88238 0.261506 0.0491847
9.00795 0.160922 0.050712
6.03834 0.111392 0.0515325
3.52993 0.0552876 0.0523117
3.33476 0.103078 0.0533515
2.27908 0.409503 0.0543055
0.190973 2.03826 0.0530739
0.53176 2.03615 0.0342493
0.384975 2.03613 0.0341277
0.161825 2.04023 0.0333439
0.617203 2.03617 0.0332085
0.580599 2.03639 0.0315922
0.74063 2.0357 0.0314783
0.861925 2.03558 0.031363
0.481564 2.03566 0.0312767
0.283858 2.03675 0.000957306
0.784706 2.03564 0.00110606
0.883605 2.03551 0.00126678
0.244013 2.03553 0.00140714
0.226735 1.56879 0.00192594
0.226735 1.56882 0.00202171
0.12211 2.0382 0.00241014
0.081066 2.03972 0.00272891
0.374116 2.03745 0.002841
0.236408 2.03604 0.00296484
0.236408 2.03639 0.00296484
0.389982 2.03615 0.00401685
0.854423 2.03553 0.00414024
0.90297 2.03545 0.00426778
0.771418 2.03547 0.00441785
0.2171 2.03593 0.00461363
0.0338912 1.54205 0.00516664
0.260161 2.03731 0.00558574
0.5233 2.03586 0.00569824
0.431043 2.03572 0.00581104
0.278165 2.03589 0.0059206
0.504292 2.03613 0.00671977
0.865159 2.03552 0.00682492
0.965492 2.03541 0.00693802
0.667207 2.03539 0.00709485
0.258587 2.03548 0.00722886
0.203455 3.05463 0.0078909
0.120777 2.26001 0.00792708
0.262084 0.0205494 0.00828497
0.561096 0.021736 0.00835398
0.362701 0.0219516 0.00842229
0.167563 0.0216129 0.00848914
0.167563 0.0205516 0.00857034
0.415619 0.0223432 0.00334924
1.15476 0.0226681 0.00349304
1.634 0.0227252 0.00387105
2.3857 0.0227577 0.00408745
2.81427 0.022771 0.00435566
3.53483 0.0227822 0.00473814
4.4006 0.0227893 0.00473814
4.85478 0.0227954 0.00512242
5.44639 0.0227991 0.00545869
6.41082 0.0228022 0.00583035
8.27919 0.0228071 0.00633707
8.81538 0.0228099 0.00678554
8.98765 0.0228109 0.00720036
9.09835 0.0228112 0.00765511
9.1286 0.0228114 0.00806213
9.81352 0.0228121 0.00859098
10.6372 0.0237145 0.00905194
12.4751 0.0498192 0.00943738
13.006 0.0732858 0.00984003
14.0133 0.0798951 0.0102009
13.3309 0.0760925 0.0106708
12.8145 0.0587938 0.011011
10.7581 0.0353748 0.011365
8.44229 0.0242934 0.0117345
6.38728 0.0230309 0.012053
5.7513 0.0228371 0.0123217
6.0087 0.0228068 0.0126673
5.16125 0.0228015 0.0130437
4.51159 0.0227963 0.0134102
2.75652 0.0227874 0.013832
0.524926 0.0227444 0.014232
0.524926 0.0226146 0.0150323
0.438048 3.11811 0.0209342
1.64925 3.11842 0.0215969
0.571814 3.11867 0.0226069
0.111663 3.11663 0.00204651
0.484858 0.00783624 0.00102819
0.240405 3.11817 0.00195212
0.240405 3.11831 0.00221806
0.0654058 3.11661 0.00449113
0.758181 3.1186 0.00449113
1.35267 3.11867 0.00462567
0.317678 3.11858 0.00471823
0.25809 3.11837 0.00712709
0.130178 3.11733 0.00849992
0.112151 3.11802 0.00877698
0.112151 3.11797 0.00894692
0.634905 3.11859 0.0108797
0.449925 3.11841 0.0118784
0.632219 3.11862 0.0120077
0.276324 3.11854 0.0121676
0.904739 3.11866 0.0125119
1.36002 3.1187 0.0127344
0.991635 3.11869 0.0129303
0.755216 3.11868 0.0129303
0.459006 3.11864 0.0132928
0.0045641 0.307618 0.0151069
0.0045641 3.07805 0.0151926
0.734291 3.11866 0.0158364
0.609485 3.11797 0.0162177
0.609485 3.11864 0.0164566
1.1669 3.1187 0.0166472
1.39719 3.11872 0.0166472
1.38007 3.11872 0.0168844
1.03428 3.1187 0.0172175
0.324714 3.11837 0.0186997
0.109143 3.11758 0.0190972
0.640838 3.1186 0.0192606
1.50792 3.11866 0.000250353
1.19946 3.11872 0.000419487
0.537756 3.11856 0.00246349
0.395268 3.11864 0.0026242
0.155524 3.11857 0.0027775
0.443406 3.11859 0.00296302
0.459334 3.11864 0.00312468
0.17182 3.11854 0.00334907
0.347161 3.11859 0.00355846
0.207497 3.11861 0.00388074
0.196685 3.11824 0.00502108
0.727391 3.11863 0.0054648
0.727391 3.11869 0.00561336
1.66494 3.11873 0.00572801
0.264781 3.11856 0.00649447
0.350556 3.1185 0.00682331
0.344999 3.11862 0.00683445
0.275934 3.11855 0.00719821
0.74104 3.11869 0.00719821
1.36628 3.1187 0.00730665
0.199281 3.11873 0.00739993
1.93067 3.2421e-05 0.00820186
2.47485 1.06765 0.00828518
2.19069 1.07503 0.0083859
1.25266 1.06867 0.00847386
0.112478 1.03707 0.00857231
0.468941 1.92532 0.00957221
1.07128 2.00608 0.00966469
0.195973 1.943 0.00978478
0.0260829 0.68288 0.00991042
0.850009 1.9504 0.00999143
2.67178 2.02499 0.00988441
3.54465 2.03518 0.00982812
1.64475 2.0063 0.00979239
1.04095 1.71686 0.00979115
1.33557 1.98386 0.0109294
1.50222 2.01813 0.0115829
1.50222 2.02298 0.0107767
0.90874 2.00379 0.0100133
0.705073 1.99662 0.00975725
0.00587823 0.0665863 0.0133073
0.24036 1.35422 0.014653
0.0563176 1.19641 0.0168808
0.851469 1.99262 0.0168808
1.37976 1.53417 0.0228744
0.781525 1.52822 0.0257969
2.69843 0.698311 0.0271971
5.222 0.478628 0.0272796
7.31127 0.393651 0.0275352
7.92016 0.26257 0.0279974
7.17073 0.174514 0.0287436
7.21105 0.1478 0.0295788
7.86078 0.179781 0.0302622
10.0756 0.17414 0.0316566
11.4791 0.0704532 0.0327127
11.4791 0.0264188 0.0337708
16.8975 0.0668597 0.0356345
16.8975 0.208779 0.0366351
18.6659 0.237883 0.0363624
18.3405 0.193264 0.0361109
17.3041 0.184475 0.0359726
17.3041 0.189708 0.0359131
20.7357 0.203581 0.0359432
21.1534 0.195744 0.0360567
21.1943 0.194421 0.0362784
23.0968 0.176079 0.036538
23.0968 0.188664 0.0371189
23.1319 0.21658 0.0376548
22.5864 0.144496 0.0381891
22.5864 0.0518557 0.0390788
23.9619 0.109061 0.0390788
25.1871 0.201894 0.041053
23.8467 0.122532 0.040657
25.2171 0.0539579 0.0399294
27.9508 0.0505914 0.0393901
28.2637 0.119392 0.0389887
28.2637 0.122006 0.0386362
27.626 0.100359 0.0386362
25.7477 0.0849324 0.0383746
28.2577 0.0815132 0.0384191
28.7861 0.0866959 0.0389518
27.6493 0.0596305 0.0394595
27.574 0.00691859 0.0400929
29.1305 0.0306449 0.040956
29.9807 0.0705959 0.0419673
29.1638 0.0596606 0.0432762
29.6692 0.0327081 0.0450679
29.6692 0.0356996 0.0446757
31.2639 0.135871 0.0439563
30.2893 0.17507 0.0434303
29.384 0.135387 0.0429909
30.0922 0.10716 0.0427875
30.9625 0.170876 0.0427924
30.9871 0.198777 0.0428688
30.9871 0.150564 0.0431089
32.2699 0.146593 0.0435631
33.1961 0.193811 0.0444838
32.975 0.163143 0.0451774
32.3804 0.0902307 0.0459288
31.9024 0.0428116 0.0459288
31.6391 0.0507982 0.0471323
34.4031 0.0657798 0.0484461
35.936 0.0775224 0.0479329
34.2739 0.0794716 0.0463753
34.1419 0.0738725 0.0455339
35.4859 0.0608055 0.044605
35.8264 0.0483156 0.0435185
34.4437 0.0332784 0.0432179
33.4684 0.00525094 0.0429799
34.8817 0.0246886 0.0429799
36.5368 0.0282271 0.0428788
35.7579 0.00969601 0.0432436
36.0168 0.0466797 0.0437513
36.8177 0.0528912 0.0443436
36.5093 0.0521915 0.045915
34.653 0.0586789 0.0470679
33.9242 0.070906 0.0482613
34.9251 0.0545794 0.049567
35.6534 0.0622922 0.0482757
34.1791 0.0850131 0.0469342
35.2203 0.0759756 0.0469342
36.4862 0.0500972 0.0453311
35.1682 0.0558825 0.0444144
35.2181 0.053144 0.0437106
35.6941 0.00381708 0.0432341
34.9103 0.0176966 0.0429083
35.0105 0.0123577 0.0427275
36.5261 0.0109907 0.0428185
36.237 0.0221779 0.0431431
35.2048 0.0226539 0.0436361
36.6827 0.0179178 0.0442859
37.8471 0.000701355 0.0455753
37.1675 0.0133232 0.0465444
37.5187 0.00651208 0.0477998
37.8499 0.0143427 0.0490938
36.6771 0.0221447 0.0496787
39.0222 0.0633715 0.0480642
40.8041 0.0677882 0.0466892
39.7544 0.0727543 0.0454201
39.455 0.0833549 0.0443332
40.7855 0.0815701 0.043311
39.9843 0.0965163 0.0424664
39.4662 0.118021 0.0416066
41.0341 0.124151 0.041085
40.2778 0.0936399 0.0408562
39.384 0.113455 0.0408285
39.7435 0.12865 0.0410255
39.2942 0.0888622 0.0413751
37.1467 0.077601 0.0418797
38.0028 0.0624516 0.042557
39.084 0.0553757 0.0435376
39.084 0.0583427 0.0451764
37.391 0.108994 0.0468217
38.4138 0.125962 0.0482158
38.0132 0.137033 0.0496905
36.4871 0.16353 0.0480376
34.8648 0.133839 0.0462648
32.6406 0.0857908 0.0447933
33.4676 0.0787712 0.0434273
33.4676 0.0698998 0.0415362
33.4333 0.0769355 0.0404232
33.3608 0.0769677 0.0396047
35.0742 0.0574636 0.0396047
32.5766 0.0500944 0.0385209
33.2111 0.0206442 0.0384597
33.3244 0.00409616 0.038576
31.4376 0.0165703 0.0389228
31.4376 0.0439057 0.0389228
31.5992 0.0150898 0.0403687
31.2099 0.028343 0.041419
32.8284 0.0307423 0.0427853
31.55 0.0404949 0.0440412
31.8133 0.0211342 0.0440412
32.5949 0.0175194 0.0459749
30.4493 0.0342938 0.047503
31.4408 0.0546021 0.0484663
30.3613 0.051022 0.045658
29.6681 0.0373191 0.0436493
30.9368 0.028361 0.0419463
29.8874 0.0236312 0.0403729
29.6358 0.0155773 0.0389495
31.5675 0.0107931 0.0369885
29.9003 0.000844548 0.0358163
31.1768 0.00933927 0.0349196
31.1768 0.00574696 0.0337655
31.3039 0.0061078 0.0332598
33.8174 0.0154987 0.0330218
33.3737 0.0437692 0.0330212
33.5891 0.0577341 0.0332524
35.9877 0.106195 0.0337017
35.5771 0.102735 0.0343487
35.5617 0.0816276 0.0353598
37.7936 0.0727508 0.0367686
37.7936 0.0409537 0.0379584
35.9088 0.00947129 0.0399023
37.0947 0.00317853 0.0414208
37.2336 0.00511838 0.0431794
35.81 0.0135806 0.0450571
35.81 0.00117512 0.0446446
35.81 0.00885467 0.0446446
35.8093 0.00890706 0.0446446
34.0986 0.0501421 0.0446446
31.3193 0.0986983 0.0446446
32.7609 0.12252 0.0446446
32.4022 0.122171 0.0446446
30.5502 0.13924 0.0446446
32.2846 0.166786 0.0446446
30.9558 0.153623 0.0446446
29.6727 0.133531 0.0446446
30.3187 0.12958 0.0446446
28.3751 0.1289 0.0446446
27.6367 0.0992773 0.0446446
28.637 0.0990433 0.0446446
27.5354 0.113577 0.0446446
25.8971 0.14765 0.0446446
26.7926 0.166178 0.0446446
26.206 0.160238 0.0446446
23.3406 0.15018 0.0446446
23.3406 0.145222 0.0446446
21.2402 0.119949 0.0446446
19.5003 0.102147 0.0446446
19.9248 0.107288 0.0446446
16.6411 0.0936942 0.0446446
16.0003 0.165891 0.0446446
16.3256 0.21875 0.0446446
13.4783 0.21487 0.0446446
12.7609 0.226239 0.0446446
12.7609 0.268882 0.0446446
12.1394 0.255618 0.0446446
9.88383 0.353457 0.0446446
10.6575 0.452593 0.0446446
10.0351 0.444215 0.0446446
7.21794 0.472149 0.0446446
6.88084 0.476944 0.0446446
6.88084 0.477578 0.0446446
3.25817 0.477654 0.0446446
2.89433 0.477671 0.0446446
2.62594 0.477674 0.0446446
0.295931 0.477674 0.0446446
0.456172 2.7908e-14 0.0233507
1.35744 0.100483 0.0227548
1.88753 0.101623 0.0221696
3.13106 0.101987 0.0215963
5.01064 0.102087 0.0210349
6.65148 0.10224 0.0203645
6.65148 0.102343 0.0195064
8.07571 0.102383 0.0189938
11.5584 0.102418 0.0184939
13.1046 0.102443 0.017983
15.2188 0.102459 0.017492
16.7512 0.102474 0.0170857
17.7656 0.102486 0.016699
18.7516 0.102491 0.0163453
18.7516 0.102493 0.0158773
20.0508 0.102498 0.0155796
21.5464 0.102502 0.0155796
22.3273 0.102505 0.0151025
22.5944 0.102507 0.0149662
22.9804 0.102509 0.0148914
22.6349 0.102508 0.0148347
21.5973 0.102508 0.0148136
21.5973 0.102506 0.0148077
20.03 0.102501 0.0148136
19.305 0.102499 0.0148286
19.0704 0.102498 0.0149133
19.241 0.102499 0.0149133
20.1147 0.102501 0.0152888
20.6535 0.102503 0.0155756
20.7165 0.102504 0.0158914
20.8014 0.102505 0.0158914
20.0774 0.102503 0.0168099
19.7531 0.102502 0.0172111
19.144 0.102501 0.0176231
18.5109 0.102499 0.0181478
18.6866 0.102499 0.018751
18.7731 0.1025 0.0194805
17.6234 0.102498 0.0194805
17.0974 0.102495 0.0204454
18.4497 0.102497 0.0214714
18.8055 0.1025 0.022308
17.9982 0.102499 0.0231683
17.8106 0.102498 0.0251603
17.2045 0.102496 0.0253254
16.1014 0.102493 0.0253254
14.6135 0.102486 0.0238668
14.737 0.102485 0.0238668
15.2143 0.102486 0.0230528
14.2536 0.102485 0.022286
15.0698 0.102486 0.021818
16.9784 0.102492 0.0214095
17.899 0.102498 0.0211646
17.8907 0.102501 0.021023
16.6465 0.102497 0.0209558
15.324 0.102497 0.020939
15.324 0.102482 0.0211607
15.8663 0.102529 0.0211607
16.9039 0.102493 0.0218808
17.2794 0.102499 0.0224064
17.2194 0.1025 0.0224064
16.8008 0.102499 0.0230393
16.5562 0.102498 0.0235783
17.1464 0.1025 0.0249285
16.5131 0.102499 0.0249285
14.1219 0.102494 0.0258417
13.1157 0.102486 0.0266447
13.0481 0.102482 0.0272878
15.2509 0.102488 0.0279838
16.1557 0.102497 0.0289344
16.1345 0.102498 0.0297497
15.1634 0.102497 0.0306704
14.0238 0.102492 0.0317872
12.4208 0.102475 0.0329563
11.0575 0.102428 0.033865
9.72908 0.102457 0.033865
9.82827 0.102457 0.033865
7.83413 0.102446 0.033865
5.36521 0.102408 0.0313169
4.8092 0.102365 0.0307234
5.97537 0.102383 0.0303836
5.97537 0.10239 0.029972
2.28671 0.102357 0.0295357
3.74577 0.10217 0.0293244
6.42593 0.102243 0.0292188
6.99451 0.102394 0.0292244
4.95188 0.102417 0.0292832
2.96941 0.102323 0.0293475
2.52984 0.102215 0.0294361
1.1991 0.102172 0.0296085
0.0241995 0.101829 0.0298228
0.0241995 0.0974513 0.0300525
0.0588895 0.089257 0.0303515
1.16796 0.101597 0.030561
1.82008 0.101988 0.0308536
1.81954 0.102018 0.031348
1.86007 0.102032 0.0316831
1.43553 0.101928 0.0316831
0.0260734 0.0747912 0.0326636
1.95645 0.101909 0.032964
2.82361 0.102187 0.033773
2.38881 0.102193 0.033773
2.00584 0.102135 0.0343083
1.20379 0.102274 0.0347143
0.775291 0.100094 0.0362139
1.37597 0.10177 0.0353018
0.853737 0.101598 0.0333851
0.920522 0.101558 0.0324426
0.0822228 0.139787 0.0150783
1.31849 3.03808 0.0111653
0.366116 3.03837 0.0110035
1.04995 3.038 0.0100562
1.11399 3.03801 0.00995727
0.634212 3.03828 0.00986588
0.0374979 3.03126 0.00969278
0.272817 3.03332 0.00881399
0.371486 3.03652 0.00876955
0.707782 3.0376 0.00872888
0.395755 3.03793 0.00869085
0.0594388 3.0169 0.00861196
0.692816 3.03703 0.00858904
1.30936 3.03826 0.00855983
1.30668 3.03845 0.00852503
0.364468 3.03815 0.00848263
0.438269 3.03686 0.0083476
0.268385 3.03645 0.00836681
0.649068 3.03786 0.00839991
1.05968 3.03833 0.00845175
1.33722 3.03852 0.00849543
1.33722 3.03851 0.00852973
1.08444 3.03842 0.00852973
0.351624 3.03776 0.00857987
0.895942 3.03761 0.00867465
1.76847 3.03851 0.00870316
2.22387 3.03869 0.00874182
2.26341 3.03873 0.00877918
2.19213 3.03873 0.00881815
1.88777 3.0387 0.00885606
1.30874 3.03863 0.00889441
0.984818 3.03803 0.00897539
1.21187 3.03844 0.00903284
1.32905 3.03853 0.00909276
1.32905 3.03856 0.00916574
2.19515 3.03873 0.00929068
1.9001 3.03877 0.00936714
1.9001 3.03872 0.00946902
1.27137 3.03861 0.00954578
0.641696 3.03822 0.00963254
0.340574 3.03672 0.0101561
0.692268 3.03739 0.0101893
0.0642914 3.03735 0.0101558
0.865073 3.03776 0.0103975
2.19648 3.03872 0.0104773
2.02692 3.03876 0.0106134
0.105969 3.03228 0.0109833
0.573218 3.03785 0.011115
1.4486 3.03849 0.0112983
1.69448 3.03869 0.0114541
1.69448 3.03871 0.0115965
0.797231 3.03845 0.0118361
0.591803 3.03825 0.0119706
0.65737 3.03798 0.0122742
0.11477 3.03678 0.0122742
0.522885 3.03775 0.0123918
2.3676 3.03868 0.0123853
2.35911 3.03881 0.0123835
1.11222 3.03874 0.0123873
0.184485 3.0355 0.0127522
0.820227 3.03829 0.0127522
1.72914 3.03864 0.0128678
1.22224 3.03869 0.0129262
0.755344 0.109681 0.000130649
2.03891 3.03867 0.000228428
1.63328 3.03876 0.000332992
1.91139 3.03875 0.000448985
1.81874 3.03878 0.000613272
1.75754 3.03877 0.000755571
1.63705 3.03876 0.00088827
1.37069 3.03873 0.00102207
1.37069 3.0387 0.00115717
0.914253 3.03857 0.00123909
1.31613 3.03859 0.00148347
2.28735 3.03881 0.00149671
3.0792 3.03886 0.00151951
3.22543 3.03889 0.00160929
2.76872 3.03888 0.00165758
1.56365 3.03878 0.00170503
0.346924 3.03861 0.00174294
0.346924 3.03805 0.00174294
0.5093 3.03794 0.00205377
1.98583 3.0387 0.00210697
2.11514 3.03881 0.00215784
2.35315 3.03884 0.00221406
2.35315 3.03885 0.0022952
2.39535 3.03886 0.00236191
1.31519 3.03877 0.00236191
0.253588 3.0383 0.00256485
0.460523 3.03788 0.00291104
0.943252 3.03857 0.00291104
1.88314 3.03879 0.00300678
0.722716 3.03856 0.00303464
0.705063 3.03802 0.00386536
0.572029 3.0384 0.0039721
0.445389 3.03829 0.00409921
0.796386 3.03878 0.00423347
0.901684 3.0386 0.00440356
0.899658 3.03864 0.0045571
0.992373 3.03867 0.00469644
0.705618 3.03858 0.0048809
0.560591 3.03783 0.00580191
0.535007 3.03838 0.00585477
0.589124 3.03843 0.00589794
0.254834 3.03804 0.00593215
0.54449 3.03784 0.00609165
1.41766 3.03868 0.00612931
1.33094 3.03879 0.00615783
0.807739 3.03873 0.00617273
0.475629 3.03855 0.00618272
0.422781 3.03753 0.00630253
0.422781 3.03824 0.00636141
1.56072 3.03881 0.00640172
2.25403 3.0389 0.0064659
1.34029 3.03889 0.00655718
1.97232 3.03885 0.00666419
2.42421 3.03887 0.00678433
2.39611 3.0389 0.00693684
2.085 3.03889 0.00706268
2.085 3.03888 0.00723002
1.46272 3.03884 0.00723002
0.127045 3.0384 0.00739678
1.15801 3.03853 0.0076207
1.15801 3.03874 0.00756486
1.15316 1.06721 0.00926391
1.02945 1.06923 0.00926391
0.622668 1.93971 0.0115213
2.34128 2.30223 0.0143196
2.24561 2.15734 0.0146895
1.53377 2.03123 0.015024
1.00269 2.07041 0.015138
1.07199 2.22187 0.0152354
0.573789 1.93772 0.015615
0.573789 1.96007 0.0157576
0.277053 1.82171 0.0161794
0.0899996 1.67948 0.0161794
0.101343 1.60267 0.0161064
0.251476 2.44798 0.0159117
0.288447 1.95643 0.0156516
0.287936 1.74592 0.0157741
2.11835 2.2802 0.0150005
1.86318 2.31705 0.0142045
0.242723 1.82123 0.0121864
0.308826 1.91036 0.0128941
0.116999 2.35954 0.0126373
0.942005 1.96069 0.0144682
0.3735 1.9741 0.0157195
0.0147263 0.195313 0.0225073
0.0147263 0.352934 0.0223097
0.063443 2.03693 0.0228681
0.196961 1.78767 0.0265658
0.664766 1.97957 0.0282526
0.0237953 0.466409 0.0331565
0.459535 1.46923 0.0340539
1.34299 1.53425 0.0336921
0.928514 1.53534 0.0336821
0.137912 1.25001 0.0342601
0.386886 1.40036 0.0348104
0.0450716 1.25958 0.0354074
0.265558 1.40134 0.0385882
0.373578 1.47095 0.0385882
0.455676 1.47348 0.0392316
0.945569 0.0570829 0.0385197
2.93417 0.054301 0.038084
4.72736 0.0249992 0.0378241
6.58804 0.0896579 0.0376661
5.99678 0.110936 0.0376138
5.37326 0.00655994 0.037732
6.42404 0.222583 0.0379263
9.47756 0.0863696 0.0383209
11.2521 0.0741856 0.0388674
10.5085 0.160004 0.0405724
10.0314 0.165675 0.0405724
11.2421 0.120446 0.041812
13.8431 0.127567 0.0423033
15.8501 0.14473 0.0412806
16.7965 0.152668 0.0402991
17.6695 0.182037 0.0394692
20.7447 0.186646 0.0388708
23.9323 0.121047 0.0383808
26.4478 0.0871516 0.038003
26.7038 0.109918 0.0377355
27.4928 0.138113 0.0375475
29.6297 0.143665 0.0374917
30.702 0.147531 0.0377199
30.1057 0.212492 0.0380409
29.4464 0.279477 0.0384035
30.0845 0.293897 0.0387382
31.1506 0.283907 0.0391943
32.3987 0.271493 0.0398719
33.6831 0.251948 0.0408195
33.9592 0.218993 0.0416319
33.8381 0.209181 0.040831
34.0423 0.228261 0.039624
35.5696 0.249417 0.0379575
35.5696 0.255257 0.0368856
37.7424 0.207539 0.0354598
36.9165 0.200089 0.0346736
36.9165 0.206962 0.0336975
37.1054 0.210015 0.0329408
37.2749 0.21385 0.0323923
35.912 0.237176 0.0319863
35.004 0.274161 0.0317368
35.004 0.307533 0.0316471
35.6235 0.293457 0.0318269
37.7578 0.260469 0.0322672
38.4659 0.241456 0.0322672
37.4916 0.203543 0.0329743
36.7197 0.170765 0.0344499
37.2796 0.158231 0.0353842
37.2821 0.181864 0.0365518
36.558 0.192043 0.0378612
35.8183 0.161718 0.0391476
35.8042 0.134497 0.0402772
35.8042 0.126936 0.0402772
34.2916 0.117583 0.0386495
33.4872 0.0930811 0.037052
33.8325 0.113115 0.0359643
33.7156 0.144041 0.034454
32.6077 0.150925 0.03391
32.3142 0.126692 0.0336158
32.7574 0.119623 0.0335136
32.7574 0.115507 0.0336216
30.9229 0.0505187 0.0339326
31.4129 0.00480011 0.034531
32.8571 0.00527176 0.034531
31.2866 0.0180569 0.0357459
30.5292 0.00815437 0.0367105
31.9165 0.0361562 0.0391618
31.9404 0.0556551 0.0407087
29.8634 0.0187385 0.0407087
31.0625 0.012348 0.0443941
32.0241 0.0277297 0.0456931
30.0638 0.0319822 0.0444825
29.6422 0.0623204 0.0433725
31.2948 0.0674155 0.0433725
30.4209 0.058975 0.0410842
29.364 0.0459913 0.0404161
30.655 0.062341 0.0404161
29.8938 0.0753954 0.0396645
29.27 0.0774666 0.0393344
30.7056 0.105633 0.0392422
31.6848 0.140584 0.0395365
30.5852 0.124631 0.0398895
30.4208 0.110983 0.0404078
32.0027 0.112891 0.0411498
31.2254 0.100405 0.0411498
31.2254 0.0890418 0.0429745
30.2299 0.0911471 0.0442155
28.1351 0.108525 0.0454415
28.1899 0.112846 0.0469433
30.3183 0.136356 0.0486738
29.1116 0.114537 0.0486738
27.8495 0.0747104 0.0486738
29.3768 0.072181 0.0486738
28.5211 0.0746709 0.049638
28.5211 0.0503905 0.049638
27.833 0.0345213 0.0455324
29.9849 0.100509 0.0448499
27.8836 0.136183 0.0442959
29.4661 0.140748 0.0438819
28.231 0.149962 0.0436103
26.5969 0.145716 0.0434706
28.5011 0.138176 0.0435269
28.5011 0.165499 0.043789
27.3227 0.164283 0.0442513
27.3227 0.173304 0.04473
29.2956 0.180073 0.0457482
28.1539 0.196219 0.0465655
27.8836 0.167383 0.0475157
27.7969 0.112382 0.0485763
27.7969 0.0719269 0.0501854
24.6921 0.00367447 0.0514173
27.0751 0.0121928 0.0527728
27.0751 0.0120119 0.0543142
27.0751 0.0120737 0.0543142
24.8978 0.00728952 0.0543142
26.9779 0.0447215 0.0512373
25.089 0.0230753 0.0486343
26.1373 0.00334436 0.0486343
26.9125 0.0101814 0.0472863
25.1101 0.0576782 0.0461529
26.627 0.110908 0.0454211
27.1225 0.116484 0.0448052
25.2717 0.151774 0.044333
25.3166 0.15228 0.0439482
26.3211 0.135012 0.0437221
24.8193 0.15817 0.0437382
24.9561 0.175608 0.0437382
29.897 0.163376 0.0440252
31.7906 0.167283 0.0446209
33.7211 0.141789 0.0451877
34.5768 0.101434 0.0459883
32.0035 0.102887 0.0468672
30.1856 0.10376 0.0476134
30.2997 0.0840381 0.049653
28.3787 0.068932 0.049653
28.3787 0.0652466 0.0520255
26.8509 0.0342741 0.0533912
25.2146 0.0120265 0.0542098
25.2146 0.0235413 0.0526687
25.7704 0.00300053 0.0506224
26.5658 0.0110752 0.0506224
24.8475 0.0112568 0.0476398
23.7498 0.0263061 0.0463035
25.1024 0.0665003 0.0463035
24.4995 0.0774233 0.0433328
23.2068 0.0630355 0.0422598
24.7831 0.062092 0.0412685
25.9011 0.0794562 0.0403006
25.9011 0.0640303 0.0396228
25.1932 0.0403739 0.0396228
26.1028 0.0352264 0.0381152
25.4911 0.005059 0.0381152
23.0573 0.0121998 0.0376026
22.7214 0.0100231 0.0373412
22.4959 0.00875334 0.0371733
20.7652 0.00628923 0.0373177
18.2319 0.0254631 0.0373177
18.8163 0.0735273 0.0373177
17.7593 0.00659762 0.0373177
17.7593 0.031247 0.0373177
17.0926 0.0592456 0.0373177
17.8925 0.0637781 0.0373177
16.5081 0.0277192 0.0373177
14.5992 0.0145421 0.0373177
14.8401 0.00455359 0.0373177
12.9387 0.0276205 0.0373177
11.3032 0.0168616 0.0373177
11.3032 0.00145822 0.0373177
11.6703 0.00468251 0.0373177
10.3885 0.049839 0.0373177
8.45929 0.0146755 0.0373177
8.53836 0.194076 0.0373177
8.44547 0.312571 0.0373177
4.00667 0.414601 0.0373177
3.55228 0.452546 0.0373177
3.55228 0.460337 0.0373177
3.63561 2.23747 0.0373177
6.07478 2.54147 0.0373177
6.07478 2.65082 0.0373177
5.16101 2.5163 0.0373177
3.81702 2.36216 0.0373177
1.67257 2.17009 0.0373177
0.915418 3.09359 0.0105289
1.28138 3.0942 0.0109532
1.45161 3.09399 0.0114497
1.30395 0.046329 0.0180844
2.90741 0.0468764 0.0180844
4.56491 0.0469928 0.0180844
7.17599 0.0470357 0.0180844
9.16416 0.0470761 0.0174782
11.4156 0.0470812 0.0129051
12.997 0.0470953 0.0123058
14.7682 0.0471013 0.0117862
17.144 0.0471064 0.0112843
18.7461 0.0471101 0.0107488
20.697 0.0471129 0.0103581
20.697 0.0471143 0.00975612
22.5122 0.0471145 0.00940442
24.584 0.0471177 0.00882477
26.6596 0.0471193 0.00848371
27.6094 0.0471205 0.00812985
29.4102 0.0471215 0.00785742
30.6262 0.0471225 0.00761782
31.8315 0.0471234 0.00740541
32.1808 0.0471083 0.00721454
32.608 0.047124 0.00706704
31.0535 0.0471237 0.00691486
30.3177 0.0471312 0.00673517
31.0565 0.0471183 0.00666553
31.8375 0.0471231 0.00667176
32.458 0.047124 0.0067631
32.2445 0.0471243 0.00692506
31.5797 0.0471241 0.00716854
30.8818 0.0471238 0.00748538
30.6432 0.0471237 0.00807798
30.4776 0.0471237 0.00856779
30.4776 0.0471237 0.00908908
32.7076 0.0471242 0.00997252
32.9865 0.0471248 0.0107031
32.2589 0.0471249 0.011403
30.4581 0.0471096 0.0121412
28.8143 0.0471236 0.0129054
29.4364 0.0471232 0.0140069
29.9106 0.0471236 0.0151283
30.3265 0.047124 0.0162015
30.9143 0.0471243 0.0171006
30.878 0.0471245 0.0182907
30.878 0.0471246 0.0193949
27.8648 0.0471232 0.0211769
26.2214 0.0471223 0.0215183
26.2214 0.0471052 0.0202638
26.8607 0.0471225 0.0192898
26.1931 0.0471223 0.018456
24.5189 0.0471217 0.017659
24.8437 0.0471213 0.0169361
24.6084 0.047117 0.0162732
23.4869 0.0471205 0.0158206
23.4869 0.0471207 0.0155082
21.2687 0.0471194 0.0155082
21.611 0.0471191 0.0152339
22.1805 0.0471196 0.0155148
21.3042 0.0471195 0.0159309
20.8511 0.0471189 0.0164731
21.1847 0.0471191 0.017119
21.7128 0.0471001 0.0180241
21.4305 0.0471196 0.02008
19.3781 0.0471178 0.02008
18.1942 0.0470965 0.0222846
19.0954 0.0471171 0.0235304
19.0954 0.0451063 0.0235304
17.0904 0.0468643 0.0235304
18.3276 0.0495218 0.0235304
19.189 0.0472936 0.0235304
17.2492 0.0471572 0.0235304
14.8855 0.0526619 0.0235304
13.7192 0.0672412 0.0235304
13.6356 0.0563858 0.0235304
13.7977 0.119615 0.0235304
13.6178 0.224324 0.0235304
13.6178 0.267082 0.0235304
13.6266 0.213505 0.0235304
12.8397 0.314189 0.0235304
11.1488 0.464785 0.0235304
11.1488 0.542518 0.0235304
11.7944 0.460598 0.0235304
11.6203 0.48889 0.0235304
12.278 0.436704 0.0235304
13.1387 0.347146 0.0235304
12.3949 0.301559 0.0235304
11.711 0.400293 0.0235304
9.47134 0.487891 0.0235304
9.47134 0.472235 0.0235304
8.80388 0.422278 0.0235304
8.13894 0.571722 0.0235304
8.67796 0.617469 0.0235304
10.8678 0.197256 0.0235304
11.5421 0.192439 0.0235304
9.11809 0.219621 0.0235304
8.09705 0.292461 0.0235304
8.76765 0.327716 0.0235304
8.76765 0.194301 0.0235304
7.94426 0.306618 0.0235304
6.34522 0.354643 0.0235304
7.929 0.0978237 0.0235304
9.05906 0.0280092 0.0235304
5.17842 0.047109 0.0235304
5.17842 0.00839698 0.0235304
1.85946 0.293748 0.0235304
2.7239 0.0408578 0.0235304
1.53559 0.0353717 0.0235304
0.476195 0.0428781 0.0235304
0.408298 0.0471217 0.0235304
0.193264 3.09445 0.0235304
2.15912 0.441033 0.00974134
4.71689 0.464185 0.0102421
3.80676 0.567376 0.0102918
0.119713 0.654518 0.00982509
0.119713 1.0085 0.00934667
0.155158 1.5126 0.00852452
1.77658 3.0897 0.00685299
4.58041 2.64046 0.00653812
6.55833 2.45949 0.00622961
6.80474 2.33709 0.00562595
5.231 2.22642 0.00539845
1.29495 2.10831 0.00522691
1.29495 2.06962 0.00512367
1.29495 2.05834 0.00512367
1.15296 2.05335 0.00512367
2.50201 2.26826 0.00517906
3.3938 2.18086 0.00535573
4.55065 2.13627 0.00559894
4.82175 2.10449 0.00591345
2.56161 2.01987 0.00632115
2.85652 1.62359 0.00677025
1.98736 1.56925 0.00731116
1.36066 2.69191 0.00643577
3.20658 2.47376 0.00612606
1.28324 2.13612 0.00618381
0.25263 1.81675 0.00618381
1.86192 2.04786 0.00650544
1.54975 2.0634 0.00697033
1.00673 2.05443 0.00761341
0.0697377 2.01713 0.00860159
1.51084 2.0279 0.00952573
3.93626 2.13655 0.010511
2.08608 2.12668 0.0117533
0.71724 2.07556 0.0114633
1.08933 2.05591 0.0114112
0.572814 1.96603 0.0115997
0.468398 1.86424 0.0121884
0.468398 2.00162 0.0131577
2.11025 2.06914 0.0140303
2.48294 2.07336 0.0152899
0.65763 2.04601 0.0167584
1.77143 1.9488 0.0179024
1.8678 2.06621 0.0194837
0.0205975 0.365802 0.0230915
0.304952 1.40406 0.0270347
0.227143 1.89161 0.0281886
1.38397 2.05031 0.0309213
1.38397 2.06215 0.0309213
0.413828 1.97242 0.0401486
0.493078 1.50403 0.0410177
2.17917 1.55758 0.045433
0.770721 1.54481 0.04664
1.22132 1.54085 0.0478986
0.762549 1.53621 0.0495199
0.259173 1.34238 0.0510731
1.03038 1.5219 0.0511595
0.970527 1.53083 0.0519122
0.630953 1.52752 0.0522185
1.04294 1.51246 0.0554115
0.127615 1.51268 0.0561354
0.510817 1.44324 0.054904
1.41032 1.54382 0.0548367
0.457029 2.00168 0.0559264
1.12843 1.56946 0.0553731
0.136968 1.49204 0.0534326
0.136968 1.38862 0.0531371
0.195878 1.41576 0.0531371
1.0338 1.54039 0.0522523
0.772198 1.54203 0.0522411
0.401627 1.4948 0.0484391
0.917221 1.56266 0.0428878
0.4253 2.02084 0.0445277
0.277633 1.38528 0.040716
0.170132 1.44785 0.0395082
0.510165 1.47459 0.0357836
0.122169 1.4366 0.0348955
0.0187884 0.510633 0.0289019
0.00742009 0.211161 0.0318791
